0.000000, 0.000000 
1.000000, 0.000532 
0.015954, 0.015073 

0.000000, 0.000000 
0.999995, 0.003194 
0.030962, 0.029252 

0.000000, 0.000000 
0.999983, 0.005856 
0.042797, 0.040433 

0.000000, 0.000000 
0.999964, 0.008517 
0.053100, 0.050168 

0.000000, 0.000000 
0.999938, 0.011179 
0.062429, 0.058980 

0.000000, 0.000000 
0.999904, 0.013840 
0.071057, 0.067132 

0.000000, 0.000000 
0.999864, 0.016502 
0.079148, 0.074775 

0.000000, 0.000000 
0.999816, 0.019163 
0.086806, 0.082010 

0.000000, 0.000000 
0.999762, 0.021824 
0.094105, 0.088905 

0.000000, 0.000000 
0.999700, 0.024485 
0.101099, 0.095512 

0.000000, 0.000000 
0.999631, 0.027146 
0.107829, 0.101869 

0.000000, 0.000000 
0.999556, 0.029807 
0.114326, 0.108007 

0.000000, 0.000000 
0.999473, 0.032467 
0.120617, 0.113950 

0.000000, 0.000000 
0.999383, 0.035127 
0.126723, 0.119717 

0.000000, 0.000000 
0.999286, 0.037787 
0.132661, 0.125326 

0.000000, 0.000000 
0.999182, 0.040447 
0.138446, 0.130790 

0.000000, 0.000000 
0.999070, 0.043106 
0.144090, 0.136121 

0.000000, 0.000000 
0.998952, 0.045765 
0.149604, 0.141329 

0.000000, 0.000000 
0.998827, 0.048424 
0.154998, 0.146423 

0.000000, 0.000000 
0.998694, 0.051082 
0.160280, 0.151411 

0.000000, 0.000000 
0.998555, 0.053740 
0.165457, 0.156300 

0.000000, 0.000000 
0.998408, 0.056398 
0.170535, 0.161096 

0.000000, 0.000000 
0.998255, 0.059055 
0.175521, 0.165805 

0.000000, 0.000000 
0.998094, 0.061712 
0.180420, 0.170431 

0.000000, 0.000000 
0.997926, 0.064369 
0.185236, 0.174978 

0.000000, 0.000000 
0.997751, 0.067025 
0.189973, 0.179451 

0.000000, 0.000000 
0.997569, 0.069680 
0.194636, 0.183854 

0.000000, 0.000000 
0.997380, 0.072335 
0.199228, 0.188190 

0.000000, 0.000000 
0.997184, 0.074989 
0.203752, 0.192461 

0.000000, 0.000000 
0.996981, 0.077643 
0.208211, 0.196671 

0.000000, 0.000000 
0.996771, 0.080297 
0.212609, 0.200822 

0.000000, 0.000000 
0.996554, 0.082950 
0.216946, 0.204917 

0.000000, 0.000000 
0.996329, 0.085602 
0.221227, 0.208958 

0.000000, 0.000000 
0.996098, 0.088253 
0.225453, 0.212946 

0.000000, 0.000000 
0.995860, 0.090904 
0.229625, 0.216885 

0.000000, 0.000000 
0.995614, 0.093555 
0.233747, 0.220775 

0.000000, 0.000000 
0.995362, 0.096205 
0.237820, 0.224619 

0.000000, 0.000000 
0.995102, 0.098854 
0.241845, 0.228417 

0.000000, 0.000000 
0.994835, 0.101502 
0.245824, 0.232172 

0.000000, 0.000000 
0.994562, 0.104149 
0.249759, 0.235885 

0.000000, 0.000000 
0.994281, 0.106796 
0.253650, 0.239557 

0.000000, 0.000000 
0.993993, 0.109442 
0.257500, 0.243190 

0.000000, 0.000000 
0.993698, 0.112088 
0.261309, 0.246784 

0.000000, 0.000000 
0.993396, 0.114732 
0.265079, 0.250340 

0.000000, 0.000000 
0.993088, 0.117376 
0.268811, 0.253861 

0.000000, 0.000000 
0.992772, 0.120019 
0.272506, 0.257346 

0.000000, 0.000000 
0.992449, 0.122661 
0.276164, 0.260797 

0.000000, 0.000000 
0.992119, 0.125302 
0.279788, 0.264214 

0.000000, 0.000000 
0.991782, 0.127942 
0.283377, 0.267599 

0.000000, 0.000000 
0.991438, 0.130582 
0.286932, 0.270952 

0.000000, 0.000000 
0.991086, 0.133220 
0.290455, 0.274274 

0.000000, 0.000000 
0.990728, 0.135858 
0.293946, 0.277566 

0.000000, 0.000000 
0.990363, 0.138494 
0.297407, 0.280829 

0.000000, 0.000000 
0.989991, 0.141130 
0.300837, 0.284062 

0.000000, 0.000000 
0.989612, 0.143764 
0.304237, 0.287268 

0.000000, 0.000000 
0.989226, 0.146398 
0.307608, 0.290446 

0.000000, 0.000000 
0.988833, 0.149030 
0.310951, 0.293597 

0.000000, 0.000000 
0.988432, 0.151662 
0.314266, 0.296721 

0.000000, 0.000000 
0.988025, 0.154292 
0.317554, 0.299820 

0.000000, 0.000000 
0.987611, 0.156921 
0.320816, 0.302893 

0.000000, 0.000000 
0.987190, 0.159550 
0.324051, 0.305942 

0.000000, 0.000000 
0.986762, 0.162177 
0.327261, 0.308967 

0.000000, 0.000000 
0.986327, 0.164802 
0.330446, 0.311967 

0.000000, 0.000000 
0.985884, 0.167427 
0.333607, 0.314944 

0.000000, 0.000000 
0.985435, 0.170051 
0.336743, 0.317899 

0.000000, 0.000000 
0.984979, 0.172673 
0.339856, 0.320830 

0.000000, 0.000000 
0.984516, 0.175294 
0.342946, 0.323740 

0.000000, 0.000000 
0.984046, 0.177914 
0.346013, 0.326628 

0.000000, 0.000000 
0.983569, 0.180533 
0.349058, 0.329495 

0.000000, 0.000000 
0.983085, 0.183150 
0.352080, 0.332341 

0.000000, 0.000000 
0.982594, 0.185766 
0.355081, 0.335166 

0.000000, 0.000000 
0.982096, 0.188381 
0.358061, 0.337971 

0.000000, 0.000000 
0.981591, 0.190994 
0.361020, 0.340756 

0.000000, 0.000000 
0.981079, 0.193606 
0.363959, 0.343521 

0.000000, 0.000000 
0.980561, 0.196217 
0.366877, 0.346267 

0.000000, 0.000000 
0.980035, 0.198826 
0.369776, 0.348995 

0.000000, 0.000000 
0.979502, 0.201434 
0.372655, 0.351703 

0.000000, 0.000000 
0.978962, 0.204040 
0.375515, 0.354393 

0.000000, 0.000000 
0.978416, 0.206645 
0.378356, 0.357065 

0.000000, 0.000000 
0.977862, 0.209249 
0.381178, 0.359719 

0.000000, 0.000000 
0.977302, 0.211851 
0.383982, 0.362356 

0.000000, 0.000000 
0.976735, 0.214451 
0.386768, 0.364975 

0.000000, 0.000000 
0.976160, 0.217050 
0.389536, 0.367578 

0.000000, 0.000000 
0.975579, 0.219648 
0.392287, 0.370163 

0.000000, 0.000000 
0.974991, 0.222244 
0.395020, 0.372732 

0.000000, 0.000000 
0.974396, 0.224838 
0.397736, 0.375284 

0.000000, 0.000000 
0.973794, 0.227431 
0.400435, 0.377820 

0.000000, 0.000000 
0.973185, 0.230022 
0.403118, 0.380340 

0.000000, 0.000000 
0.972570, 0.232611 
0.405784, 0.382845 

0.000000, 0.000000 
0.971947, 0.235199 
0.408434, 0.385334 

0.000000, 0.000000 
0.971318, 0.237786 
0.411069, 0.387807 

0.000000, 0.000000 
0.970681, 0.240370 
0.413687, 0.390266 

0.000000, 0.000000 
0.970038, 0.242953 
0.416290, 0.392709 

0.000000, 0.000000 
0.969388, 0.245534 
0.418878, 0.395138 

0.000000, 0.000000 
0.968731, 0.248113 
0.421450, 0.397552 

0.000000, 0.000000 
0.968067, 0.250691 
0.424008, 0.399952 

0.000000, 0.000000 
0.967397, 0.253267 
0.426551, 0.402338 

0.000000, 0.000000 
0.966719, 0.255841 
0.429079, 0.404709 

0.000000, 0.000000 
0.966035, 0.258413 
0.431593, 0.407067 

0.000000, 0.000000 
0.965343, 0.260983 
0.434093, 0.409411 

0.000000, 0.000000 
0.964645, 0.263552 
0.436578, 0.411741 

0.000000, 0.000000 
0.963940, 0.266118 
0.439050, 0.414058 

0.000000, 0.000000 
0.963229, 0.268683 
0.441508, 0.416361 

0.000000, 0.000000 
0.962510, 0.271246 
0.443952, 0.418651 

0.000000, 0.000000 
0.961785, 0.273807 
0.446383, 0.420929 

0.000000, 0.000000 
0.961052, 0.276366 
0.448801, 0.423193 

0.000000, 0.000000 
0.960313, 0.278923 
0.451205, 0.425445 

0.000000, 0.000000 
0.959568, 0.281478 
0.453597, 0.427684 

0.000000, 0.000000 
0.958815, 0.284031 
0.455976, 0.429911 

0.000000, 0.000000 
0.958056, 0.286582 
0.458342, 0.432125 

0.000000, 0.000000 
0.957289, 0.289131 
0.460695, 0.434327 

0.000000, 0.000000 
0.956516, 0.291678 
0.463036, 0.436517 

0.000000, 0.000000 
0.955737, 0.294223 
0.465365, 0.438695 

0.000000, 0.000000 
0.954950, 0.296766 
0.467682, 0.440861 

0.000000, 0.000000 
0.954157, 0.299307 
0.469986, 0.443016 

0.000000, 0.000000 
0.953357, 0.301845 
0.472279, 0.445159 

0.000000, 0.000000 
0.952550, 0.304382 
0.474560, 0.447290 

0.000000, 0.000000 
0.951737, 0.306916 
0.476829, 0.449410 

0.000000, 0.000000 
0.950916, 0.309448 
0.479087, 0.451518 

0.000000, 0.000000 
0.950089, 0.311978 
0.481333, 0.453616 

0.000000, 0.000000 
0.949255, 0.314506 
0.483568, 0.455702 

0.000000, 0.000000 
0.948415, 0.317032 
0.485791, 0.457777 

0.000000, 0.000000 
0.947568, 0.319555 
0.488004, 0.459842 

0.000000, 0.000000 
0.946714, 0.322076 
0.490206, 0.461895 

0.000000, 0.000000 
0.945853, 0.324595 
0.492396, 0.463938 

0.000000, 0.000000 
0.944986, 0.327111 
0.494576, 0.465970 

0.000000, 0.000000 
0.944112, 0.329625 
0.496745, 0.467992 

0.000000, 0.000000 
0.943231, 0.332137 
0.498904, 0.470003 

0.000000, 0.000000 
0.942344, 0.334646 
0.501052, 0.472004 

0.000000, 0.000000 
0.941450, 0.337153 
0.503190, 0.473995 

0.000000, 0.000000 
0.940549, 0.339658 
0.505317, 0.475975 

0.000000, 0.000000 
0.939642, 0.342160 
0.507435, 0.477945 

0.000000, 0.000000 
0.938728, 0.344660 
0.509542, 0.479906 

0.000000, 0.000000 
0.937807, 0.347158 
0.511639, 0.481856 

0.000000, 0.000000 
0.936879, 0.349652 
0.513726, 0.483796 

0.000000, 0.000000 
0.935945, 0.352145 
0.515803, 0.485727 

0.000000, 0.000000 
0.935005, 0.354635 
0.517871, 0.487648 

0.000000, 0.000000 
0.934058, 0.357122 
0.519929, 0.489559 

0.000000, 0.000000 
0.933104, 0.359607 
0.521977, 0.491461 

0.000000, 0.000000 
0.932143, 0.362090 
0.524016, 0.493353 

0.000000, 0.000000 
0.931176, 0.364569 
0.526046, 0.495236 

0.000000, 0.000000 
0.930203, 0.367047 
0.528066, 0.497110 

0.000000, 0.000000 
0.929222, 0.369521 
0.530077, 0.498974 

0.000000, 0.000000 
0.928235, 0.371993 
0.532078, 0.500829 

0.000000, 0.000000 
0.927242, 0.374463 
0.534071, 0.502675 

0.000000, 0.000000 
0.926242, 0.376929 
0.536054, 0.504511 

0.000000, 0.000000 
0.925235, 0.379393 
0.538029, 0.506339 

0.000000, 0.000000 
0.924222, 0.381855 
0.539995, 0.508158 

0.000000, 0.000000 
0.923203, 0.384313 
0.541952, 0.509968 

0.000000, 0.000000 
0.922177, 0.386769 
0.543900, 0.511768 

0.000000, 0.000000 
0.921144, 0.389222 
0.545840, 0.513561 

0.000000, 0.000000 
0.920105, 0.391673 
0.547771, 0.515344 

0.000000, 0.000000 
0.919059, 0.394121 
0.549693, 0.517119 

0.000000, 0.000000 
0.918006, 0.396565 
0.551608, 0.518885 

0.000000, 0.000000 
0.916948, 0.399007 
0.553513, 0.520643 

0.000000, 0.000000 
0.915882, 0.401447 
0.555411, 0.522392 

0.000000, 0.000000 
0.914811, 0.403883 
0.557300, 0.524132 

0.000000, 0.000000 
0.913732, 0.406317 
0.559181, 0.525864 

0.000000, 0.000000 
0.912648, 0.408747 
0.561054, 0.527588 

0.000000, 0.000000 
0.911556, 0.411175 
0.562919, 0.529304 

0.000000, 0.000000 
0.910459, 0.413600 
0.564776, 0.531011 

0.000000, 0.000000 
0.909355, 0.416022 
0.566625, 0.532710 

0.000000, 0.000000 
0.908244, 0.418441 
0.568467, 0.534401 

0.000000, 0.000000 
0.907127, 0.420857 
0.570300, 0.536084 

0.000000, 0.000000 
0.906004, 0.423270 
0.572126, 0.537759 

0.000000, 0.000000 
0.904874, 0.425680 
0.573944, 0.539425 

0.000000, 0.000000 
0.903738, 0.428087 
0.575755, 0.541084 

0.000000, 0.000000 
0.902595, 0.430491 
0.577558, 0.542735 

0.000000, 0.000000 
0.901446, 0.432892 
0.579354, 0.544378 

0.000000, 0.000000 
0.900291, 0.435289 
0.581142, 0.546013 

0.000000, 0.000000 
0.899129, 0.437684 
0.582923, 0.547640 

0.000000, 0.000000 
0.897961, 0.440076 
0.584697, 0.549260 

0.000000, 0.000000 
0.896786, 0.442464 
0.586463, 0.550872 

0.000000, 0.000000 
0.895605, 0.444850 
0.588223, 0.552476 

0.000000, 0.000000 
0.894418, 0.447232 
0.589975, 0.554073 

0.000000, 0.000000 
0.893224, 0.449611 
0.591720, 0.555661 

0.000000, 0.000000 
0.892025, 0.451987 
0.593459, 0.557243 

0.000000, 0.000000 
0.890818, 0.454360 
0.595190, 0.558817 

0.000000, 0.000000 
0.889606, 0.456729 
0.596914, 0.560383 

0.000000, 0.000000 
0.888387, 0.459095 
0.598632, 0.561942 

0.000000, 0.000000 
0.887162, 0.461458 
0.600343, 0.563493 

0.000000, 0.000000 
0.885930, 0.463818 
0.602048, 0.565037 

0.000000, 0.000000 
0.884693, 0.466175 
0.603745, 0.566574 

0.000000, 0.000000 
0.883449, 0.468528 
0.605437, 0.568103 

0.000000, 0.000000 
0.882199, 0.470877 
0.607121, 0.569625 

0.000000, 0.000000 
0.880942, 0.473224 
0.608800, 0.571140 

0.000000, 0.000000 
0.879679, 0.475567 
0.610471, 0.572648 

0.000000, 0.000000 
0.878411, 0.477907 
0.612137, 0.574148 

0.000000, 0.000000 
0.877135, 0.480243 
0.613796, 0.575641 

0.000000, 0.000000 
0.875854, 0.482576 
0.615450, 0.577127 

0.000000, 0.000000 
0.874566, 0.484906 
0.617097, 0.578606 

0.000000, 0.000000 
0.873273, 0.487232 
0.618738, 0.580078 

0.000000, 0.000000 
0.871973, 0.489554 
0.620373, 0.581542 

0.000000, 0.000000 
0.870667, 0.491874 
0.622002, 0.583000 

0.000000, 0.000000 
0.869354, 0.494189 
0.623625, 0.584451 

0.000000, 0.000000 
0.868036, 0.496502 
0.625242, 0.585894 

0.000000, 0.000000 
0.866711, 0.498810 
0.626854, 0.587331 

0.000000, 0.000000 
0.865380, 0.501115 
0.628459, 0.588761 

0.000000, 0.000000 
0.864044, 0.503417 
0.630060, 0.590183 

0.000000, 0.000000 
0.862701, 0.505715 
0.631654, 0.591599 

0.000000, 0.000000 
0.861351, 0.508010 
0.633243, 0.593008 

0.000000, 0.000000 
0.859996, 0.510300 
0.634827, 0.594410 

0.000000, 0.000000 
0.858635, 0.512588 
0.636405, 0.595805 

0.000000, 0.000000 
0.857268, 0.514871 
0.637978, 0.597194 

0.000000, 0.000000 
0.855894, 0.517151 
0.639546, 0.598575 

0.000000, 0.000000 
0.854515, 0.519427 
0.641109, 0.599950 

0.000000, 0.000000 
0.853129, 0.521700 
0.642666, 0.601318 

0.000000, 0.000000 
0.851737, 0.523969 
0.644219, 0.602679 

0.000000, 0.000000 
0.850340, 0.526234 
0.645766, 0.604033 

0.000000, 0.000000 
0.848936, 0.528496 
0.647309, 0.605381 

0.000000, 0.000000 
0.847526, 0.530753 
0.648847, 0.606722 

0.000000, 0.000000 
0.846111, 0.533007 
0.650380, 0.608056 

0.000000, 0.000000 
0.844689, 0.535258 
0.651909, 0.609383 

0.000000, 0.000000 
0.843261, 0.537504 
0.653433, 0.610704 

0.000000, 0.000000 
0.841828, 0.539747 
0.654952, 0.612017 

0.000000, 0.000000 
0.840388, 0.541985 
0.656467, 0.613325 

0.000000, 0.000000 
0.838942, 0.544220 
0.657978, 0.614625 

0.000000, 0.000000 
0.837491, 0.546451 
0.659485, 0.615919 

0.000000, 0.000000 
0.836033, 0.548679 
0.660988, 0.617205 

0.000000, 0.000000 
0.834570, 0.550902 
0.662486, 0.618486 

0.000000, 0.000000 
0.833101, 0.553121 
0.663981, 0.619759 

0.000000, 0.000000 
0.831625, 0.555337 
0.665472, 0.621026 

0.000000, 0.000000 
0.830144, 0.557548 
0.666959, 0.622285 

0.000000, 0.000000 
0.828657, 0.559756 
0.668443, 0.623538 

0.000000, 0.000000 
0.827165, 0.561960 
0.669923, 0.624785 

0.000000, 0.000000 
0.825666, 0.564159 
0.671400, 0.626024 

0.000000, 0.000000 
0.824161, 0.566355 
0.672874, 0.627257 

0.000000, 0.000000 
0.822651, 0.568547 
0.674345, 0.628483 

0.000000, 0.000000 
0.821135, 0.570734 
0.675812, 0.629701 

0.000000, 0.000000 
0.819613, 0.572918 
0.677277, 0.630913 

0.000000, 0.000000 
0.818085, 0.575098 
0.678740, 0.632118 

0.000000, 0.000000 
0.816551, 0.577273 
0.680200, 0.633316 

0.000000, 0.000000 
0.815012, 0.579444 
0.681657, 0.634507 

0.000000, 0.000000 
0.813467, 0.581612 
0.683113, 0.635691 

0.000000, 0.000000 
0.811916, 0.583775 
0.684567, 0.636868 

0.000000, 0.000000 
0.810359, 0.585934 
0.686019, 0.638037 

0.000000, 0.000000 
0.808797, 0.588089 
0.687469, 0.639199 

0.000000, 0.000000 
0.807228, 0.590239 
0.688919, 0.640354 

0.000000, 0.000000 
0.805654, 0.592386 
0.690367, 0.641502 

0.000000, 0.000000 
0.804075, 0.594528 
0.691815, 0.642642 

0.000000, 0.000000 
0.802490, 0.596666 
0.693262, 0.643774 

0.000000, 0.000000 
0.800899, 0.598800 
0.694709, 0.644898 

0.000000, 0.000000 
0.799302, 0.600930 
0.696156, 0.646015 

0.000000, 0.000000 
0.797700, 0.603055 
0.697604, 0.647123 

0.000000, 0.000000 
0.796092, 0.605176 
0.699053, 0.648224 

0.000000, 0.000000 
0.794478, 0.607293 
0.700503, 0.649316 

0.000000, 0.000000 
0.792859, 0.609405 
0.701954, 0.650399 

0.000000, 0.000000 
0.791234, 0.611514 
0.703408, 0.651474 

0.000000, 0.000000 
0.789603, 0.613618 
0.704865, 0.652540 

0.000000, 0.000000 
0.787967, 0.615717 
0.706326, 0.653596 

0.000000, 0.000000 
0.786326, 0.617812 
0.707790, 0.654643 

0.000000, 0.000000 
0.784678, 0.619903 
0.709260, 0.655680 

0.000000, 0.000000 
0.783026, 0.621989 
0.710735, 0.656706 

0.000000, 0.000000 
0.781367, 0.624071 
0.712216, 0.657722 

0.000000, 0.000000 
0.779704, 0.626149 
0.713706, 0.658726 

0.000000, 0.000000 
0.778034, 0.628222 
0.715204, 0.659718 

0.000000, 0.000000 
0.776359, 0.630291 
0.716712, 0.660697 

0.000000, 0.000000 
0.774679, 0.632355 
0.718232, 0.661662 

0.000000, 0.000000 
0.772993, 0.634415 
0.719766, 0.662612 

0.000000, 0.000000 
0.771302, 0.636470 
0.721315, 0.663547 

0.000000, 0.000000 
0.769605, 0.638521 
0.722882, 0.664463 

0.000000, 0.000000 
0.767903, 0.640567 
0.724471, 0.665360 

0.000000, 0.000000 
0.766195, 0.642608 
0.726084, 0.666235 

0.000000, 0.000000 
0.764482, 0.644645 
0.727727, 0.667085 

0.000000, 0.000000 
0.762763, 0.646678 
0.729403, 0.667905 

0.000000, 0.000000 
0.761039, 0.648706 
0.731122, 0.668691 

0.000000, 0.000000 
0.759310, 0.650729 
0.732890, 0.669435 

0.000000, 0.000000 
0.757575, 0.652748 
0.734721, 0.670126 

0.000000, 0.000000 
0.755835, 0.654762 
0.736631, 0.670748 

0.000000, 0.000000 
0.754089, 0.656772 
0.738642, 0.671275 

0.000000, 0.000000 
0.752339, 0.658777 
0.740790, 0.671663 

0.000000, 0.000000 
0.750583, 0.660777 
0.743128, 0.671824 

0.000000, 0.000000 
0.748821, 0.662772 
0.745732, 0.671550 

0.000000, 0.000000 
0.747054, 0.664763 
0.748597, 0.670234 

0.000000, 0.000000 
0.745282, 0.666749 
0.750351, 0.666714 

0.000000, 0.000000 
0.743505, 0.668730 
0.749331, 0.662793 

0.000000, 0.000000 
0.741722, 0.670707 
0.747261, 0.659706 

0.000000, 0.000000 
0.739935, 0.672679 
0.744898, 0.657138 

0.000000, 0.000000 
0.738141, 0.674646 
0.742422, 0.654882 

0.000000, 0.000000 
0.736343, 0.676608 
0.739895, 0.652831 

0.000000, 0.000000 
0.734540, 0.678566 
0.737338, 0.650925 

0.000000, 0.000000 
0.732731, 0.680519 
0.734765, 0.649126 

0.000000, 0.000000 
0.730917, 0.682466 
0.732180, 0.647410 

0.000000, 0.000000 
0.729098, 0.684409 
0.729587, 0.645760 

0.000000, 0.000000 
0.727274, 0.686348 
0.726988, 0.644163 

0.000000, 0.000000 
0.725444, 0.688281 
0.724384, 0.642610 

0.000000, 0.000000 
0.723610, 0.690210 
0.721775, 0.641093 

0.000000, 0.000000 
0.721770, 0.692133 
0.719161, 0.639606 

0.000000, 0.000000 
0.719925, 0.694052 
0.716544, 0.638146 

0.000000, 0.000000 
0.718075, 0.695966 
0.713922, 0.636709 

0.000000, 0.000000 
0.716220, 0.697874 
0.711297, 0.635291 

0.000000, 0.000000 
0.714360, 0.699778 
0.708667, 0.633889 

0.000000, 0.000000 
0.712495, 0.701677 
0.706033, 0.632502 

0.000000, 0.000000 
0.710625, 0.703571 
0.703395, 0.631128 

0.000000, 0.000000 
0.708750, 0.705460 
0.700753, 0.629765 

0.000000, 0.000000 
0.706869, 0.707344 
0.698107, 0.628411 

0.000000, 0.000000 
0.704984, 0.709223 
0.695456, 0.627065 

0.000000, 0.000000 
0.703094, 0.711097 
0.692801, 0.625727 

0.000000, 0.000000 
0.701199, 0.712966 
0.690141, 0.624395 

0.000000, 0.000000 
0.699299, 0.714830 
0.687477, 0.623068 

0.000000, 0.000000 
0.697393, 0.716689 
0.684807, 0.621746 

0.000000, 0.000000 
0.695483, 0.718542 
0.682133, 0.620427 

0.000000, 0.000000 
0.693568, 0.720391 
0.679454, 0.619112 

0.000000, 0.000000 
0.691648, 0.722234 
0.676770, 0.617799 

0.000000, 0.000000 
0.689724, 0.724073 
0.674081, 0.616489 

0.000000, 0.000000 
0.687794, 0.725906 
0.671387, 0.615180 

0.000000, 0.000000 
0.685859, 0.727734 
0.668687, 0.613872 

0.000000, 0.000000 
0.683920, 0.729557 
0.665983, 0.612564 

0.000000, 0.000000 
0.681976, 0.731375 
0.663273, 0.611257 

0.000000, 0.000000 
0.680026, 0.733188 
0.660557, 0.609950 

0.000000, 0.000000 
0.678073, 0.734995 
0.657836, 0.608643 

0.000000, 0.000000 
0.676114, 0.736797 
0.655109, 0.607335 

0.000000, 0.000000 
0.674150, 0.738594 
0.652377, 0.606025 

0.000000, 0.000000 
0.672182, 0.740386 
0.649639, 0.604715 

0.000000, 0.000000 
0.670209, 0.742173 
0.646895, 0.603403 

0.000000, 0.000000 
0.668231, 0.743954 
0.644145, 0.602089 

0.000000, 0.000000 
0.666249, 0.745730 
0.641390, 0.600773 

0.000000, 0.000000 
0.664261, 0.747500 
0.638628, 0.599454 

0.000000, 0.000000 
0.662269, 0.749266 
0.635861, 0.598134 

0.000000, 0.000000 
0.660273, 0.751026 
0.633087, 0.596810 

0.000000, 0.000000 
0.658271, 0.752781 
0.630308, 0.595484 

0.000000, 0.000000 
0.656265, 0.754530 
0.627522, 0.594155 

0.000000, 0.000000 
0.654255, 0.756274 
0.624730, 0.592822 

0.000000, 0.000000 
0.652239, 0.758013 
0.621931, 0.591486 

0.000000, 0.000000 
0.650219, 0.759746 
0.619127, 0.590146 

0.000000, 0.000000 
0.648195, 0.761474 
0.616315, 0.588803 

0.000000, 0.000000 
0.646166, 0.763197 
0.613498, 0.587455 

0.000000, 0.000000 
0.644132, 0.764914 
0.610673, 0.586104 

0.000000, 0.000000 
0.642094, 0.766626 
0.607843, 0.584748 

0.000000, 0.000000 
0.640051, 0.768332 
0.605005, 0.583388 

0.000000, 0.000000 
0.638004, 0.770033 
0.602161, 0.582024 

0.000000, 0.000000 
0.635952, 0.771729 
0.599310, 0.580654 

0.000000, 0.000000 
0.633895, 0.773419 
0.596453, 0.579281 

0.000000, 0.000000 
0.631835, 0.775103 
0.593588, 0.577902 

0.000000, 0.000000 
0.629769, 0.776782 
0.590717, 0.576518 

0.000000, 0.000000 
0.627700, 0.778456 
0.587838, 0.575129 

0.000000, 0.000000 
0.625625, 0.780124 
0.584953, 0.573735 

0.000000, 0.000000 
0.623547, 0.781786 
0.582060, 0.572335 

0.000000, 0.000000 
0.621464, 0.783443 
0.579160, 0.570930 

0.000000, 0.000000 
0.619376, 0.785094 
0.576254, 0.569519 

0.000000, 0.000000 
0.617284, 0.786740 
0.573339, 0.568102 

0.000000, 0.000000 
0.615188, 0.788381 
0.570418, 0.566680 

0.000000, 0.000000 
0.613087, 0.790015 
0.567489, 0.565251 

0.000000, 0.000000 
0.610982, 0.791644 
0.564553, 0.563817 

0.000000, 0.000000 
0.608873, 0.793268 
0.561609, 0.562376 

0.000000, 0.000000 
0.606759, 0.794885 
0.558658, 0.560929 

0.000000, 0.000000 
0.604642, 0.796498 
0.555699, 0.559475 

0.000000, 0.000000 
0.602519, 0.798104 
0.552733, 0.558015 

0.000000, 0.000000 
0.600393, 0.799705 
0.549759, 0.556548 

0.000000, 0.000000 
0.598262, 0.801300 
0.546777, 0.555074 

0.000000, 0.000000 
0.596127, 0.802890 
0.543787, 0.553594 

0.000000, 0.000000 
0.593988, 0.804474 
0.540789, 0.552106 

0.000000, 0.000000 
0.591845, 0.806052 
0.537784, 0.550612 

0.000000, 0.000000 
0.589697, 0.807624 
0.534770, 0.549110 

0.000000, 0.000000 
0.587545, 0.809191 
0.531748, 0.547601 

0.000000, 0.000000 
0.585390, 0.810752 
0.528718, 0.546084 

0.000000, 0.000000 
0.583230, 0.812307 
0.525680, 0.544560 

0.000000, 0.000000 
0.581065, 0.813857 
0.522634, 0.543028 

0.000000, 0.000000 
0.578897, 0.815401 
0.519579, 0.541488 

0.000000, 0.000000 
0.576725, 0.816939 
0.516516, 0.539940 

0.000000, 0.000000 
0.574548, 0.818471 
0.513445, 0.538385 

0.000000, 0.000000 
0.572368, 0.819997 
0.510365, 0.536821 

0.000000, 0.000000 
0.570183, 0.821518 
0.507276, 0.535249 

0.000000, 0.000000 
0.567994, 0.823032 
0.504179, 0.533668 

0.000000, 0.000000 
0.565802, 0.824541 
0.501073, 0.532079 

0.000000, 0.000000 
0.563605, 0.826044 
0.497958, 0.530482 

0.000000, 0.000000 
0.561404, 0.827542 
0.494835, 0.528875 

0.000000, 0.000000 
0.559200, 0.829033 
0.491702, 0.527260 

0.000000, 0.000000 
0.556991, 0.830519 
0.488560, 0.525636 

0.000000, 0.000000 
0.554778, 0.831998 
0.485410, 0.524003 

0.000000, 0.000000 
0.552562, 0.833472 
0.482250, 0.522360 

0.000000, 0.000000 
0.550342, 0.834940 
0.479081, 0.520708 

0.000000, 0.000000 
0.548117, 0.836401 
0.475903, 0.519047 

0.000000, 0.000000 
0.545889, 0.837857 
0.472715, 0.517376 

0.000000, 0.000000 
0.543657, 0.839307 
0.469518, 0.515695 

0.000000, 0.000000 
0.541421, 0.840752 
0.466311, 0.514004 

0.000000, 0.000000 
0.539181, 0.842190 
0.463095, 0.512303 

0.000000, 0.000000 
0.536938, 0.843622 
0.459869, 0.510592 

0.000000, 0.000000 
0.534690, 0.845048 
0.456633, 0.508871 

0.000000, 0.000000 
0.532439, 0.846468 
0.453387, 0.507139 

0.000000, 0.000000 
0.530184, 0.847882 
0.450132, 0.505397 

0.000000, 0.000000 
0.527926, 0.849291 
0.446866, 0.503644 

0.000000, 0.000000 
0.525663, 0.850693 
0.443590, 0.501880 

0.000000, 0.000000 
0.523397, 0.852089 
0.440304, 0.500105 

0.000000, 0.000000 
0.521127, 0.853479 
0.437008, 0.498319 

0.000000, 0.000000 
0.518854, 0.854863 
0.433701, 0.496521 

0.000000, 0.000000 
0.516576, 0.856241 
0.430384, 0.494712 

0.000000, 0.000000 
0.514296, 0.857613 
0.427057, 0.492891 

0.000000, 0.000000 
0.512011, 0.858979 
0.423718, 0.491058 

0.000000, 0.000000 
0.509723, 0.860339 
0.420369, 0.489213 

0.000000, 0.000000 
0.507431, 0.861692 
0.417009, 0.487356 

0.000000, 0.000000 
0.505136, 0.863040 
0.413639, 0.485487 

0.000000, 0.000000 
0.502837, 0.864381 
0.410257, 0.483605 

0.000000, 0.000000 
0.500534, 0.865717 
0.406864, 0.481710 

0.000000, 0.000000 
0.498228, 0.867046 
0.403459, 0.479803 

0.000000, 0.000000 
0.495919, 0.868369 
0.400044, 0.477882 

0.000000, 0.000000 
0.493606, 0.869686 
0.396616, 0.475948 

0.000000, 0.000000 
0.491289, 0.870997 
0.393178, 0.474000 

0.000000, 0.000000 
0.488969, 0.872301 
0.389727, 0.472039 

0.000000, 0.000000 
0.486645, 0.873600 
0.386265, 0.470063 

0.000000, 0.000000 
0.484318, 0.874892 
0.382791, 0.468074 

0.000000, 0.000000 
0.481988, 0.876178 
0.379305, 0.466070 

0.000000, 0.000000 
0.479654, 0.877458 
0.375807, 0.464051 

0.000000, 0.000000 
0.477317, 0.878731 
0.372296, 0.462018 

0.000000, 0.000000 
0.474976, 0.879999 
0.368773, 0.459970 

0.000000, 0.000000 
0.472632, 0.881260 
0.365238, 0.457906 

0.000000, 0.000000 
0.470285, 0.882515 
0.361690, 0.455827 

0.000000, 0.000000 
0.467934, 0.883763 
0.358129, 0.453732 

0.000000, 0.000000 
0.465580, 0.885006 
0.354555, 0.451621 

0.000000, 0.000000 
0.463223, 0.886242 
0.350968, 0.449494 

0.000000, 0.000000 
0.460863, 0.887471 
0.347368, 0.447350 

0.000000, 0.000000 
0.458499, 0.888695 
0.343755, 0.445189 

0.000000, 0.000000 
0.456132, 0.889912 
0.340128, 0.443011 

0.000000, 0.000000 
0.453761, 0.891123 
0.336488, 0.440815 

0.000000, 0.000000 
0.451388, 0.892328 
0.332834, 0.438602 

0.000000, 0.000000 
0.449011, 0.893526 
0.329166, 0.436371 

0.000000, 0.000000 
0.446631, 0.894718 
0.325484, 0.434121 

0.000000, 0.000000 
0.444248, 0.895904 
0.321788, 0.431853 

0.000000, 0.000000 
0.441862, 0.897083 
0.318078, 0.429566 

0.000000, 0.000000 
0.439473, 0.898256 
0.314353, 0.427259 

0.000000, 0.000000 
0.437080, 0.899422 
0.310613, 0.424932 

0.000000, 0.000000 
0.434685, 0.900583 
0.306858, 0.422586 

0.000000, 0.000000 
0.432286, 0.901736 
0.303089, 0.420219 

0.000000, 0.000000 
0.429885, 0.902884 
0.299304, 0.417831 

0.000000, 0.000000 
0.427480, 0.904025 
0.295504, 0.415422 

0.000000, 0.000000 
0.425072, 0.905160 
0.291688, 0.412991 

0.000000, 0.000000 
0.422661, 0.906288 
0.287857, 0.410538 

0.000000, 0.000000 
0.420248, 0.907410 
0.284009, 0.408063 

0.000000, 0.000000 
0.417831, 0.908525 
0.280146, 0.405564 

0.000000, 0.000000 
0.415411, 0.909634 
0.276266, 0.403043 

0.000000, 0.000000 
0.412988, 0.910736 
0.272370, 0.400497 

0.000000, 0.000000 
0.410563, 0.911832 
0.268456, 0.397927 

0.000000, 0.000000 
0.408134, 0.912922 
0.264526, 0.395331 

0.000000, 0.000000 
0.405703, 0.914005 
0.260579, 0.392711 

0.000000, 0.000000 
0.403269, 0.915082 
0.256615, 0.390064 

0.000000, 0.000000 
0.400832, 0.916152 
0.252632, 0.387391 

0.000000, 0.000000 
0.398392, 0.917215 
0.248632, 0.384690 

0.000000, 0.000000 
0.395949, 0.918273 
0.244614, 0.381962 

0.000000, 0.000000 
0.393503, 0.919323 
0.240578, 0.379205 

0.000000, 0.000000 
0.391055, 0.920367 
0.236523, 0.376419 

0.000000, 0.000000 
0.388604, 0.921405 
0.232449, 0.373604 

0.000000, 0.000000 
0.386150, 0.922436 
0.228356, 0.370758 

0.000000, 0.000000 
0.383693, 0.923461 
0.224244, 0.367880 

0.000000, 0.000000 
0.381234, 0.924479 
0.220112, 0.364971 

0.000000, 0.000000 
0.378772, 0.925490 
0.215961, 0.362029 

0.000000, 0.000000 
0.376307, 0.926495 
0.211789, 0.359053 

0.000000, 0.000000 
0.373840, 0.927493 
0.207596, 0.356042 

0.000000, 0.000000 
0.371370, 0.928485 
0.203383, 0.352996 

0.000000, 0.000000 
0.368897, 0.929470 
0.199149, 0.349914 

0.000000, 0.000000 
0.366422, 0.930449 
0.194894, 0.346794 

0.000000, 0.000000 
0.363944, 0.931421 
0.190617, 0.343636 

0.000000, 0.000000 
0.361464, 0.932386 
0.186318, 0.340439 

0.000000, 0.000000 
0.358981, 0.933345 
0.181997, 0.337200 

0.000000, 0.000000 
0.356495, 0.934297 
0.177653, 0.333920 

0.000000, 0.000000 
0.354007, 0.935243 
0.173286, 0.330597 

0.000000, 0.000000 
0.351516, 0.936182 
0.168896, 0.327230 

0.000000, 0.000000 
0.349023, 0.937114 
0.164482, 0.323816 

0.000000, 0.000000 
0.346528, 0.938040 
0.160044, 0.320356 

0.000000, 0.000000 
0.344030, 0.938959 
0.155582, 0.316846 

0.000000, 0.000000 
0.341529, 0.939871 
0.151095, 0.313287 

0.000000, 0.000000 
0.339027, 0.940777 
0.146583, 0.309675 

0.000000, 0.000000 
0.336521, 0.941676 
0.142045, 0.306010 

0.000000, 0.000000 
0.334014, 0.942568 
0.137481, 0.302288 

0.000000, 0.000000 
0.331504, 0.943454 
0.132892, 0.298509 

0.000000, 0.000000 
0.328991, 0.944333 
0.128275, 0.294671 

0.000000, 0.000000 
0.326477, 0.945205 
0.123632, 0.290770 

0.000000, 0.000000 
0.323960, 0.946071 
0.118961, 0.286804 

0.000000, 0.000000 
0.321440, 0.946930 
0.114262, 0.282772 

0.000000, 0.000000 
0.318919, 0.947782 
0.109535, 0.278670 

0.000000, 0.000000 
0.316395, 0.948628 
0.104779, 0.274495 

0.000000, 0.000000 
0.313869, 0.949466 
0.099995, 0.270244 

0.000000, 0.000000 
0.311340, 0.950298 
0.095181, 0.265914 

0.000000, 0.000000 
0.308810, 0.951124 
0.090338, 0.261502 

0.000000, 0.000000 
0.306277, 0.951942 
0.085464, 0.257003 

0.000000, 0.000000 
0.303742, 0.952754 
0.080561, 0.252413 

0.000000, 0.000000 
0.301205, 0.953559 
0.075627, 0.247729 

0.000000, 0.000000 
0.298666, 0.954358 
0.070663, 0.242944 

0.000000, 0.000000 
0.296125, 0.955149 
0.065668, 0.238055 

0.000000, 0.000000 
0.293582, 0.955934 
0.060643, 0.233054 

0.000000, 0.000000 
0.291036, 0.956712 
0.055588, 0.227937 

0.000000, 0.000000 
0.288489, 0.957483 
0.050502, 0.222696 

0.000000, 0.000000 
0.285939, 0.958248 
0.045386, 0.217324 

0.000000, 0.000000 
0.283388, 0.959005 
0.040242, 0.211812 

0.000000, 0.000000 
0.280834, 0.959756 
0.035069, 0.206153 

0.000000, 0.000000 
0.278278, 0.960500 
0.029870, 0.200335 

0.000000, 0.000000 
0.275721, 0.961238 
0.024645, 0.194348 

0.000000, 0.000000 
0.273161, 0.961968 
0.019398, 0.188180 

0.000000, 0.000000 
0.270600, 0.962692 
0.014131, 0.181817 

0.000000, 0.000000 
0.268037, 0.963409 
0.008847, 0.175244 

0.000000, 0.000000 
0.265471, 0.964119 
0.003552, 0.168443 

0.000000, 0.000000 
0.262904, 0.964822 
-0.001748, 0.161394 

0.000000, 0.000000 
0.260335, 0.965518 
-0.007045, 0.154077 

0.000000, 0.000000 
0.257764, 0.966208 
-0.012328, 0.146464 

0.000000, 0.000000 
0.255192, 0.966890 
-0.017583, 0.138528 

0.000000, 0.000000 
0.252617, 0.967566 
-0.022793, 0.130235 

0.000000, 0.000000 
0.250041, 0.968235 
-0.027933, 0.121546 

0.000000, 0.000000 
0.247463, 0.968897 
-0.032970, 0.112417 

0.000000, 0.000000 
0.244883, 0.969553 
-0.037863, 0.102797 

0.000000, 0.000000 
0.242302, 0.970201 
-0.042552, 0.092628 

0.000000, 0.000000 
0.239718, 0.970842 
-0.046956, 0.081845 

0.000000, 0.000000 
0.237133, 0.971477 
-0.050965, 0.070379 

0.000000, 0.000000 
0.234547, 0.972105 
-0.054424, 0.058161 

0.000000, 0.000000 
0.231958, 0.972726 
-0.057121, 0.045140 

0.000000, 0.000000 
0.229369, 0.973340 
-0.058774, 0.031306 

0.000000, 0.000000 
0.226777, 0.973947 
-0.059027, 0.016742 

0.000000, 0.000000 
0.224184, 0.974547 
-0.057493, 0.001687 

0.000000, 0.000000 
0.221589, 0.975140 
-0.053859, -0.013416 

0.000000, 0.000000 
0.218993, 0.975726 
-0.048045, -0.027969 

0.000000, 0.000000 
0.216395, 0.976306 
-0.040291, -0.041401 

0.000000, 0.000000 
0.213796, 0.976878 
-0.031074, -0.053350 

0.000000, 0.000000 
0.211195, 0.977444 
-0.020922, -0.063725 

0.000000, 0.000000 
0.208592, 0.978003 
-0.010272, -0.072624 

0.000000, 0.000000 
0.205988, 0.978554 
0.000570, -0.080234 

0.000000, 0.000000 
0.203383, 0.979099 
0.011411, -0.086752 

0.000000, 0.000000 
0.200776, 0.979637 
0.022136, -0.092359 

0.000000, 0.000000 
0.198168, 0.980168 
0.032683, -0.097207 

0.000000, 0.000000 
0.195558, 0.980692 
0.043019, -0.101422 

0.000000, 0.000000 
0.192947, 0.981209 
0.053130, -0.105102 

0.000000, 0.000000 
0.190335, 0.981719 
0.063013, -0.108330 

0.000000, 0.000000 
0.187721, 0.982222 
0.072672, -0.111170 

0.000000, 0.000000 
0.185106, 0.982719 
0.082114, -0.113677 

0.000000, 0.000000 
0.182490, 0.983208 
0.091347, -0.115894 

0.000000, 0.000000 
0.179872, 0.983690 
0.100380, -0.117858 

0.000000, 0.000000 
0.177253, 0.984165 
0.109224, -0.119598 

0.000000, 0.000000 
0.174633, 0.984634 
0.117887, -0.121140 

0.000000, 0.000000 
0.172012, 0.985095 
0.126379, -0.122506 

0.000000, 0.000000 
0.169389, 0.985549 
0.134708, -0.123714 

0.000000, 0.000000 
0.166765, 0.985997 
0.142883, -0.124780 

0.000000, 0.000000 
0.164140, 0.986437 
0.150911, -0.125718 

0.000000, 0.000000 
0.161514, 0.986870 
0.158800, -0.126539 

0.000000, 0.000000 
0.158887, 0.987297 
0.166555, -0.127254 

0.000000, 0.000000 
0.156258, 0.987716 
0.174183, -0.127871 

0.000000, 0.000000 
0.153629, 0.988129 
0.181690, -0.128400 

0.000000, 0.000000 
0.150998, 0.988534 
0.189082, -0.128847 

0.000000, 0.000000 
0.148366, 0.988932 
0.196362, -0.129218 

0.000000, 0.000000 
0.145734, 0.989324 
0.203537, -0.129519 

0.000000, 0.000000 
0.143100, 0.989708 
0.210610, -0.129756 

0.000000, 0.000000 
0.140465, 0.990086 
0.217585, -0.129932 

0.000000, 0.000000 
0.137829, 0.990456 
0.224466, -0.130052 

0.000000, 0.000000 
0.135192, 0.990819 
0.231258, -0.130120 

0.000000, 0.000000 
0.132555, 0.991176 
0.237962, -0.130139 

0.000000, 0.000000 
0.129916, 0.991525 
0.244583, -0.130112 

0.000000, 0.000000 
0.127276, 0.991867 
0.251123, -0.130042 

0.000000, 0.000000 
0.124636, 0.992203 
0.257585, -0.129931 

0.000000, 0.000000 
0.121995, 0.992531 
0.263971, -0.129783 

0.000000, 0.000000 
0.119352, 0.992852 
0.270285, -0.129598 

0.000000, 0.000000 
0.116709, 0.993166 
0.276529, -0.129380 

0.000000, 0.000000 
0.114065, 0.993473 
0.282704, -0.129130 

0.000000, 0.000000 
0.111421, 0.993773 
0.288814, -0.128849 

0.000000, 0.000000 
0.108775, 0.994066 
0.294859, -0.128540 

0.000000, 0.000000 
0.106129, 0.994352 
0.300842, -0.128204 

0.000000, 0.000000 
0.103482, 0.994631 
0.306765, -0.127842 

0.000000, 0.000000 
0.100834, 0.994903 
0.312629, -0.127456 

0.000000, 0.000000 
0.098185, 0.995168 
0.318436, -0.127046 

0.000000, 0.000000 
0.095536, 0.995426 
0.324188, -0.126614 

0.000000, 0.000000 
0.092886, 0.995677 
0.329885, -0.126161 

0.000000, 0.000000 
0.090236, 0.995920 
0.335530, -0.125687 

0.000000, 0.000000 
0.087585, 0.996157 
0.341124, -0.125195 

0.000000, 0.000000 
0.084933, 0.996387 
0.346668, -0.124684 

0.000000, 0.000000 
0.082281, 0.996609 
0.352164, -0.124156 

0.000000, 0.000000 
0.079628, 0.996825 
0.357612, -0.123610 

0.000000, 0.000000 
0.076974, 0.997033 
0.363013, -0.123049 

0.000000, 0.000000 
0.074320, 0.997234 
0.368370, -0.122472 

0.000000, 0.000000 
0.071665, 0.997429 
0.373682, -0.121881 

0.000000, 0.000000 
0.069010, 0.997616 
0.378951, -0.121275 

0.000000, 0.000000 
0.066355, 0.997796 
0.384177, -0.120656 

0.000000, 0.000000 
0.063699, 0.997969 
0.389363, -0.120024 

0.000000, 0.000000 
0.061042, 0.998135 
0.394508, -0.119379 

0.000000, 0.000000 
0.058385, 0.998294 
0.399613, -0.118722 

0.000000, 0.000000 
0.055728, 0.998446 
0.404680, -0.118054 

0.000000, 0.000000 
0.053070, 0.998591 
0.409709, -0.117374 

0.000000, 0.000000 
0.050412, 0.998729 
0.414701, -0.116684 

0.000000, 0.000000 
0.047753, 0.998859 
0.419656, -0.115984 

0.000000, 0.000000 
0.045095, 0.998983 
0.424576, -0.115274 

0.000000, 0.000000 
0.042435, 0.999099 
0.429461, -0.114554 

0.000000, 0.000000 
0.039776, 0.999209 
0.434311, -0.113825 

0.000000, 0.000000 
0.037116, 0.999311 
0.439128, -0.113087 

0.000000, 0.000000 
0.034456, 0.999406 
0.443911, -0.112340 

0.000000, 0.000000 
0.031796, 0.999494 
0.448662, -0.111585 

0.000000, 0.000000 
0.029136, 0.999575 
0.453381, -0.110822 

0.000000, 0.000000 
0.026475, 0.999649 
0.458069, -0.110052 

0.000000, 0.000000 
0.023814, 0.999716 
0.462727, -0.109274 

0.000000, 0.000000 
0.021153, 0.999776 
0.467354, -0.108489 

0.000000, 0.000000 
0.018492, 0.999829 
0.471951, -0.107697 

0.000000, 0.000000 
0.015831, 0.999875 
0.476519, -0.106898 

0.000000, 0.000000 
0.013169, 0.999913 
0.481058, -0.106093 

0.000000, 0.000000 
0.010508, 0.999945 
0.485569, -0.105281 

0.000000, 0.000000 
0.007846, 0.999969 
0.490053, -0.104463 

0.000000, 0.000000 
0.005184, 0.999987 
0.494508, -0.103640 

0.000000, 0.000000 
0.002523, 0.999997 
0.498938, -0.102811 

0.000000, 0.000000 
-0.000139, 1.000000 
0.503340, -0.101976 

0.000000, 0.000000 
-0.002801, 0.999996 
0.507716, -0.101136 

0.000000, 0.000000 
-0.005462, 0.999985 
0.512067, -0.100291 

0.000000, 0.000000 
-0.008124, 0.999967 
0.516393, -0.099440 

0.000000, 0.000000 
-0.010786, 0.999942 
0.520693, -0.098585 

0.000000, 0.000000 
-0.013447, 0.999910 
0.524969, -0.097726 

0.000000, 0.000000 
-0.016109, 0.999870 
0.529221, -0.096861 

0.000000, 0.000000 
-0.018770, 0.999824 
0.533449, -0.095992 

0.000000, 0.000000 
-0.021431, 0.999770 
0.537653, -0.095119 

0.000000, 0.000000 
-0.024092, 0.999710 
0.541834, -0.094242 

0.000000, 0.000000 
-0.026753, 0.999642 
0.545992, -0.093361 

0.000000, 0.000000 
-0.029413, 0.999567 
0.550128, -0.092476 

0.000000, 0.000000 
-0.032074, 0.999485 
0.554241, -0.091587 

0.000000, 0.000000 
-0.034734, 0.999397 
0.558333, -0.090694 

0.000000, 0.000000 
-0.037394, 0.999301 
0.562403, -0.089798 

0.000000, 0.000000 
-0.040054, 0.999198 
0.566451, -0.088899 

0.000000, 0.000000 
-0.042713, 0.999087 
0.570478, -0.087996 

0.000000, 0.000000 
-0.045372, 0.998970 
0.574485, -0.087090 

0.000000, 0.000000 
-0.048031, 0.998846 
0.578471, -0.086180 

0.000000, 0.000000 
-0.050690, 0.998714 
0.582436, -0.085268 

0.000000, 0.000000 
-0.053348, 0.998576 
0.586382, -0.084352 

0.000000, 0.000000 
-0.056005, 0.998430 
0.590307, -0.083434 

0.000000, 0.000000 
-0.058663, 0.998278 
0.594214, -0.082513 

0.000000, 0.000000 
-0.061320, 0.998118 
0.598100, -0.081589 

0.000000, 0.000000 
-0.063976, 0.997951 
0.601968, -0.080662 

0.000000, 0.000000 
-0.066632, 0.997778 
0.605817, -0.079733 

0.000000, 0.000000 
-0.069288, 0.997597 
0.609647, -0.078802 

0.000000, 0.000000 
-0.071943, 0.997409 
0.613459, -0.077868 

0.000000, 0.000000 
-0.074597, 0.997214 
0.617252, -0.076931 

0.000000, 0.000000 
-0.077251, 0.997012 
0.621028, -0.075993 

0.000000, 0.000000 
-0.079905, 0.996803 
0.624785, -0.075052 

0.000000, 0.000000 
-0.082558, 0.996586 
0.628526, -0.074109 

0.000000, 0.000000 
-0.085210, 0.996363 
0.632248, -0.073164 

0.000000, 0.000000 
-0.087862, 0.996133 
0.635954, -0.072217 

0.000000, 0.000000 
-0.090513, 0.995895 
0.639642, -0.071268 

0.000000, 0.000000 
-0.093163, 0.995651 
0.643313, -0.070317 

0.000000, 0.000000 
-0.095813, 0.995399 
0.646968, -0.069364 

0.000000, 0.000000 
-0.098462, 0.995141 
0.650607, -0.068409 

0.000000, 0.000000 
-0.101111, 0.994875 
0.654229, -0.067452 

0.000000, 0.000000 
-0.103758, 0.994603 
0.657834, -0.066494 

0.000000, 0.000000 
-0.106405, 0.994323 
0.661424, -0.065534 

0.000000, 0.000000 
-0.109051, 0.994036 
0.664998, -0.064573 

0.000000, 0.000000 
-0.111697, 0.993742 
0.668557, -0.063610 

0.000000, 0.000000 
-0.114341, 0.993442 
0.672099, -0.062645 

0.000000, 0.000000 
-0.116985, 0.993134 
0.675627, -0.061680 

0.000000, 0.000000 
-0.119628, 0.992819 
0.679139, -0.060712 

0.000000, 0.000000 
-0.122270, 0.992497 
0.682636, -0.059743 

0.000000, 0.000000 
-0.124912, 0.992168 
0.686119, -0.058773 

0.000000, 0.000000 
-0.127552, 0.991832 
0.689586, -0.057802 

0.000000, 0.000000 
-0.130192, 0.991489 
0.693039, -0.056829 

0.000000, 0.000000 
-0.132830, 0.991139 
0.696477, -0.055855 

0.000000, 0.000000 
-0.135468, 0.990782 
0.699901, -0.054880 

0.000000, 0.000000 
-0.138105, 0.990418 
0.703311, -0.053904 

0.000000, 0.000000 
-0.140740, 0.990047 
0.706707, -0.052926 

0.000000, 0.000000 
-0.143375, 0.989668 
0.710089, -0.051948 

0.000000, 0.000000 
-0.146009, 0.989283 
0.713457, -0.050969 

0.000000, 0.000000 
-0.148641, 0.988891 
0.716811, -0.049988 

0.000000, 0.000000 
-0.151273, 0.988492 
0.720151, -0.049007 

0.000000, 0.000000 
-0.153903, 0.988086 
0.723479, -0.048024 

0.000000, 0.000000 
-0.156533, 0.987673 
0.726793, -0.047041 

0.000000, 0.000000 
-0.159161, 0.987253 
0.730093, -0.046057 

0.000000, 0.000000 
-0.161788, 0.986825 
0.733381, -0.045071 

0.000000, 0.000000 
-0.164415, 0.986391 
0.736655, -0.044085 

0.000000, 0.000000 
-0.167039, 0.985950 
0.739917, -0.043099 

0.000000, 0.000000 
-0.169663, 0.985502 
0.743166, -0.042111 

0.000000, 0.000000 
-0.172286, 0.985047 
0.746402, -0.041123 

0.000000, 0.000000 
-0.174907, 0.984585 
0.749625, -0.040134 

0.000000, 0.000000 
-0.177527, 0.984116 
0.752837, -0.039144 

0.000000, 0.000000 
-0.180146, 0.983640 
0.756035, -0.038154 

0.000000, 0.000000 
-0.182763, 0.983157 
0.759222, -0.037163 

0.000000, 0.000000 
-0.185379, 0.982667 
0.762396, -0.036171 

0.000000, 0.000000 
-0.187994, 0.982170 
0.765559, -0.035179 

0.000000, 0.000000 
-0.190608, 0.981666 
0.768709, -0.034186 

0.000000, 0.000000 
-0.193220, 0.981155 
0.771847, -0.033193 

0.000000, 0.000000 
-0.195831, 0.980638 
0.774974, -0.032199 

0.000000, 0.000000 
-0.198440, 0.980113 
0.778089, -0.031204 

0.000000, 0.000000 
-0.201049, 0.979581 
0.781193, -0.030209 

0.000000, 0.000000 
-0.203655, 0.979043 
0.784285, -0.029214 

0.000000, 0.000000 
-0.206260, 0.978497 
0.787365, -0.028218 

0.000000, 0.000000 
-0.208864, 0.977945 
0.790434, -0.027222 

0.000000, 0.000000 
-0.211466, 0.977385 
0.793492, -0.026225 

0.000000, 0.000000 
-0.214067, 0.976819 
0.796539, -0.025228 

0.000000, 0.000000 
-0.216666, 0.976246 
0.799575, -0.024231 

0.000000, 0.000000 
-0.219264, 0.975666 
0.802600, -0.023233 

0.000000, 0.000000 
-0.221860, 0.975078 
0.805614, -0.022235 

0.000000, 0.000000 
-0.224455, 0.974485 
0.808617, -0.021236 

0.000000, 0.000000 
-0.227048, 0.973884 
0.811609, -0.020237 

0.000000, 0.000000 
-0.229639, 0.973276 
0.814590, -0.019238 

0.000000, 0.000000 
-0.232229, 0.972661 
0.817561, -0.018239 

0.000000, 0.000000 
-0.234817, 0.972040 
0.820522, -0.017239 

0.000000, 0.000000 
-0.237403, 0.971411 
0.823472, -0.016239 

0.000000, 0.000000 
-0.239988, 0.970776 
0.826412, -0.015239 

0.000000, 0.000000 
-0.242571, 0.970134 
0.829341, -0.014239 

0.000000, 0.000000 
-0.245153, 0.969484 
0.832260, -0.013238 

0.000000, 0.000000 
-0.247732, 0.968829 
0.835169, -0.012237 

0.000000, 0.000000 
-0.250310, 0.968166 
0.838068, -0.011236 

0.000000, 0.000000 
-0.252886, 0.967496 
0.840957, -0.010235 

0.000000, 0.000000 
-0.255460, 0.966820 
0.843836, -0.009234 

0.000000, 0.000000 
-0.258033, 0.966136 
0.846705, -0.008233 

0.000000, 0.000000 
-0.260604, 0.965446 
0.849565, -0.007231 

0.000000, 0.000000 
-0.263172, 0.964749 
0.852414, -0.006229 

0.000000, 0.000000 
-0.265739, 0.964045 
0.855254, -0.005228 

0.000000, 0.000000 
-0.268304, 0.963334 
0.858084, -0.004226 

0.000000, 0.000000 
-0.270868, 0.962617 
0.860905, -0.003224 

0.000000, 0.000000 
-0.273429, 0.961892 
0.863716, -0.002222 

0.000000, 0.000000 
-0.275988, 0.961161 
0.866518, -0.001220 

0.000000, 0.000000 
-0.278545, 0.960423 
0.869310, -0.000218 

0.000000, 0.000000 
-0.281101, 0.959678 
0.872093, 0.000784 

0.000000, 0.000000 
-0.283654, 0.958927 
0.874867, 0.001786 

0.000000, 0.000000 
-0.286205, 0.958168 
0.877632, 0.002788 

0.000000, 0.000000 
-0.288755, 0.957403 
0.880387, 0.003790 

0.000000, 0.000000 
-0.291302, 0.956631 
0.883134, 0.004792 

0.000000, 0.000000 
-0.293847, 0.955852 
0.885871, 0.005794 

0.000000, 0.000000 
-0.296391, 0.955067 
0.888599, 0.006796 

0.000000, 0.000000 
-0.298932, 0.954275 
0.891319, 0.007798 

0.000000, 0.000000 
-0.301470, 0.953476 
0.894030, 0.008800 

0.000000, 0.000000 
-0.304007, 0.952670 
0.896731, 0.009802 

0.000000, 0.000000 
-0.306542, 0.951857 
0.899424, 0.010803 

0.000000, 0.000000 
-0.309074, 0.951038 
0.902109, 0.011805 

0.000000, 0.000000 
-0.311605, 0.950212 
0.904785, 0.012807 

0.000000, 0.000000 
-0.314133, 0.949379 
0.907452, 0.013808 

0.000000, 0.000000 
-0.316659, 0.948540 
0.910110, 0.014809 

0.000000, 0.000000 
-0.319182, 0.947693 
0.912760, 0.015811 

0.000000, 0.000000 
-0.321704, 0.946840 
0.915402, 0.016812 

0.000000, 0.000000 
-0.324223, 0.945981 
0.918035, 0.017813 

0.000000, 0.000000 
-0.326739, 0.945114 
0.920660, 0.018814 

0.000000, 0.000000 
-0.329254, 0.944241 
0.923277, 0.019814 

0.000000, 0.000000 
-0.331766, 0.943362 
0.925885, 0.020815 

0.000000, 0.000000 
-0.334276, 0.942475 
0.928485, 0.021815 

0.000000, 0.000000 
-0.336783, 0.941582 
0.931077, 0.022816 

0.000000, 0.000000 
-0.339288, 0.940683 
0.933661, 0.023816 

0.000000, 0.000000 
-0.341791, 0.939776 
0.936237, 0.024815 

0.000000, 0.000000 
-0.344291, 0.938863 
0.938805, 0.025815 

0.000000, 0.000000 
-0.346789, 0.937943 
0.941365, 0.026815 

0.000000, 0.000000 
-0.349284, 0.937017 
0.943917, 0.027814 

0.000000, 0.000000 
-0.351777, 0.936084 
0.946461, 0.028813 

0.000000, 0.000000 
-0.354267, 0.935144 
0.948997, 0.029812 

0.000000, 0.000000 
-0.356755, 0.934198 
0.951525, 0.030810 

0.000000, 0.000000 
-0.359240, 0.933245 
0.954046, 0.031809 

0.000000, 0.000000 
-0.361723, 0.932286 
0.956559, 0.032807 

0.000000, 0.000000 
-0.364203, 0.931320 
0.959064, 0.033805 

0.000000, 0.000000 
-0.366681, 0.930347 
0.961561, 0.034802 

0.000000, 0.000000 
-0.369156, 0.929368 
0.964051, 0.035800 

0.000000, 0.000000 
-0.371628, 0.928382 
0.966534, 0.036797 

0.000000, 0.000000 
-0.374098, 0.927389 
0.969008, 0.037794 

0.000000, 0.000000 
-0.376565, 0.926390 
0.971476, 0.038790 

0.000000, 0.000000 
-0.379029, 0.925385 
0.973936, 0.039787 

0.000000, 0.000000 
-0.381491, 0.924372 
0.976388, 0.040783 

0.000000, 0.000000 
-0.383950, 0.923354 
0.978833, 0.041778 

0.000000, 0.000000 
-0.386407, 0.922329 
0.981271, 0.042774 

0.000000, 0.000000 
-0.388860, 0.921297 
0.983702, 0.043769 

0.000000, 0.000000 
-0.391311, 0.920259 
0.986125, 0.044764 

0.000000, 0.000000 
-0.393759, 0.919214 
0.988541, 0.045758 

0.000000, 0.000000 
-0.396204, 0.918162 
0.990950, 0.046753 

0.000000, 0.000000 
-0.398647, 0.917105 
0.993352, 0.047746 

0.000000, 0.000000 
-0.401086, 0.916040 
0.995746, 0.048740 

0.000000, 0.000000 
-0.403523, 0.914969 
0.998134, 0.049733 

0.000000, 0.000000 
-0.405957, 0.913892 
1.000515, 0.050726 

0.000000, 0.000000 
-0.408388, 0.912808 
1.002888, 0.051719 

0.000000, 0.000000 
-0.410816, 0.911718 
1.005255, 0.052711 

0.000000, 0.000000 
-0.413242, 0.910621 
1.007614, 0.053703 

0.000000, 0.000000 
-0.415664, 0.909518 
1.009967, 0.054694 

0.000000, 0.000000 
-0.418083, 0.908409 
1.012313, 0.055686 

0.000000, 0.000000 
-0.420500, 0.907293 
1.014652, 0.056676 

0.000000, 0.000000 
-0.422913, 0.906170 
1.016984, 0.057667 

0.000000, 0.000000 
-0.425324, 0.905041 
1.019309, 0.058657 

0.000000, 0.000000 
-0.427731, 0.903906 
1.021628, 0.059647 

0.000000, 0.000000 
-0.430136, 0.902764 
1.023940, 0.060636 

0.000000, 0.000000 
-0.432537, 0.901616 
1.026245, 0.061625 

0.000000, 0.000000 
-0.434935, 0.900462 
1.028543, 0.062614 

0.000000, 0.000000 
-0.437330, 0.899301 
1.030835, 0.063602 

0.000000, 0.000000 
-0.439723, 0.898134 
1.033121, 0.064590 

0.000000, 0.000000 
-0.442112, 0.896960 
1.035400, 0.065577 

0.000000, 0.000000 
-0.444497, 0.895780 
1.037672, 0.066564 

0.000000, 0.000000 
-0.446880, 0.894594 
1.039938, 0.067551 

0.000000, 0.000000 
-0.449260, 0.893401 
1.042197, 0.068537 

0.000000, 0.000000 
-0.451636, 0.892202 
1.044450, 0.069523 

0.000000, 0.000000 
-0.454009, 0.890997 
1.046696, 0.070508 

0.000000, 0.000000 
-0.456379, 0.889785 
1.048936, 0.071493 

0.000000, 0.000000 
-0.458746, 0.888567 
1.051170, 0.072478 

0.000000, 0.000000 
-0.461109, 0.887343 
1.053398, 0.073462 

0.000000, 0.000000 
-0.463470, 0.886113 
1.055619, 0.074446 

0.000000, 0.000000 
-0.465827, 0.884876 
1.057833, 0.075429 

0.000000, 0.000000 
-0.468180, 0.883633 
1.060042, 0.076412 

0.000000, 0.000000 
-0.470530, 0.882384 
1.062244, 0.077394 

0.000000, 0.000000 
-0.472877, 0.881128 
1.064441, 0.078376 

0.000000, 0.000000 
-0.475221, 0.879866 
1.066631, 0.079358 

0.000000, 0.000000 
-0.477561, 0.878598 
1.068814, 0.080339 

0.000000, 0.000000 
-0.479898, 0.877324 
1.070992, 0.081319 

0.000000, 0.000000 
-0.482232, 0.876044 
1.073164, 0.082300 

0.000000, 0.000000 
-0.484562, 0.874757 
1.075329, 0.083279 

0.000000, 0.000000 
-0.486888, 0.873464 
1.077489, 0.084259 

0.000000, 0.000000 
-0.489211, 0.872165 
1.079642, 0.085238 

0.000000, 0.000000 
-0.491531, 0.870860 
1.081790, 0.086216 

0.000000, 0.000000 
-0.493847, 0.869549 
1.083932, 0.087194 

0.000000, 0.000000 
-0.496160, 0.868231 
1.086067, 0.088171 

0.000000, 0.000000 
-0.498469, 0.866907 
1.088197, 0.089148 

0.000000, 0.000000 
-0.500775, 0.865577 
1.090321, 0.090125 

0.000000, 0.000000 
-0.503077, 0.864242 
1.092439, 0.091101 

0.000000, 0.000000 
-0.505376, 0.862899 
1.094551, 0.092077 

0.000000, 0.000000 
-0.507671, 0.861551 
1.096657, 0.093052 

0.000000, 0.000000 
-0.509962, 0.860197 
1.098758, 0.094026 

0.000000, 0.000000 
-0.512250, 0.858836 
1.100852, 0.095001 

0.000000, 0.000000 
-0.514534, 0.857470 
1.102941, 0.095974 

0.000000, 0.000000 
-0.516815, 0.856097 
1.105025, 0.096948 

0.000000, 0.000000 
-0.519091, 0.854719 
1.107102, 0.097920 

0.000000, 0.000000 
-0.521365, 0.853334 
1.109174, 0.098893 

0.000000, 0.000000 
-0.523634, 0.851943 
1.111240, 0.099864 

0.000000, 0.000000 
-0.525900, 0.850547 
1.113301, 0.100835 

0.000000, 0.000000 
-0.528162, 0.849144 
1.115356, 0.101806 

0.000000, 0.000000 
-0.530420, 0.847735 
1.117405, 0.102776 

0.000000, 0.000000 
-0.532675, 0.846320 
1.119449, 0.103746 

0.000000, 0.000000 
-0.534925, 0.844899 
1.121487, 0.104715 

0.000000, 0.000000 
-0.537172, 0.843473 
1.123520, 0.105684 

0.000000, 0.000000 
-0.539416, 0.842040 
1.125547, 0.106652 

0.000000, 0.000000 
-0.541655, 0.840601 
1.127569, 0.107620 

0.000000, 0.000000 
-0.543890, 0.839156 
1.129585, 0.108587 

0.000000, 0.000000 
-0.546122, 0.837706 
1.131596, 0.109554 

0.000000, 0.000000 
-0.548350, 0.836249 
1.133602, 0.110520 

0.000000, 0.000000 
-0.550574, 0.834787 
1.135602, 0.111486 

0.000000, 0.000000 
-0.552794, 0.833318 
1.137596, 0.112451 

0.000000, 0.000000 
-0.555010, 0.831844 
1.139585, 0.113416 

0.000000, 0.000000 
-0.557222, 0.830364 
1.141569, 0.114380 

0.000000, 0.000000 
-0.559430, 0.828878 
1.143548, 0.115344 

0.000000, 0.000000 
-0.561634, 0.827386 
1.145521, 0.116307 

0.000000, 0.000000 
-0.563835, 0.825888 
1.147489, 0.117269 

0.000000, 0.000000 
-0.566031, 0.824384 
1.149452, 0.118231 

0.000000, 0.000000 
-0.568223, 0.822875 
1.151409, 0.119193 

0.000000, 0.000000 
-0.570411, 0.821359 
1.153362, 0.120154 

0.000000, 0.000000 
-0.572596, 0.819838 
1.155309, 0.121114 

0.000000, 0.000000 
-0.574776, 0.818311 
1.157250, 0.122074 

0.000000, 0.000000 
-0.576952, 0.816778 
1.159187, 0.123034 

0.000000, 0.000000 
-0.579124, 0.815240 
1.161119, 0.123992 

0.000000, 0.000000 
-0.581292, 0.813695 
1.163045, 0.124951 

0.000000, 0.000000 
-0.583455, 0.812145 
1.164966, 0.125908 

0.000000, 0.000000 
-0.585615, 0.810589 
1.166882, 0.126866 

0.000000, 0.000000 
-0.587770, 0.809028 
1.168793, 0.127822 

0.000000, 0.000000 
-0.589922, 0.807460 
1.170699, 0.128779 

0.000000, 0.000000 
-0.592069, 0.805887 
1.172600, 0.129734 

0.000000, 0.000000 
-0.594212, 0.804309 
1.174496, 0.130689 

0.000000, 0.000000 
-0.596351, 0.802724 
1.176387, 0.131644 

0.000000, 0.000000 
-0.598485, 0.801134 
1.178273, 0.132598 

0.000000, 0.000000 
-0.600615, 0.799538 
1.180154, 0.133551 

0.000000, 0.000000 
-0.602741, 0.797937 
1.182030, 0.134504 

0.000000, 0.000000 
-0.604863, 0.796330 
1.183901, 0.135456 

0.000000, 0.000000 
-0.606980, 0.794717 
1.185767, 0.136408 

0.000000, 0.000000 
-0.609094, 0.793098 
1.187628, 0.137359 

0.000000, 0.000000 
-0.611202, 0.791474 
1.189484, 0.138310 

0.000000, 0.000000 
-0.613307, 0.789845 
1.191336, 0.139260 

0.000000, 0.000000 
-0.615407, 0.788209 
1.193182, 0.140209 

0.000000, 0.000000 
-0.617503, 0.786569 
1.195024, 0.141158 

0.000000, 0.000000 
-0.619594, 0.784922 
1.196861, 0.142107 

0.000000, 0.000000 
-0.621681, 0.783270 
1.198693, 0.143055 

0.000000, 0.000000 
-0.623764, 0.781613 
1.200520, 0.144002 

0.000000, 0.000000 
-0.625842, 0.779950 
1.202342, 0.144949 

0.000000, 0.000000 
-0.627916, 0.778281 
1.204160, 0.145895 

0.000000, 0.000000 
-0.629985, 0.776607 
1.205973, 0.146840 

0.000000, 0.000000 
-0.632050, 0.774928 
1.207781, 0.147785 

0.000000, 0.000000 
-0.634110, 0.773242 
1.209584, 0.148730 

0.000000, 0.000000 
-0.636166, 0.771552 
1.211383, 0.149674 

0.000000, 0.000000 
-0.638218, 0.769856 
1.213177, 0.150617 

0.000000, 0.000000 
-0.640265, 0.768154 
1.214967, 0.151560 

0.000000, 0.000000 
-0.642307, 0.766448 
1.216751, 0.152502 

0.000000, 0.000000 
-0.644345, 0.764735 
1.218531, 0.153444 

0.000000, 0.000000 
-0.646378, 0.763017 
1.220307, 0.154385 

0.000000, 0.000000 
-0.648407, 0.761294 
1.222077, 0.155325 

0.000000, 0.000000 
-0.650431, 0.759566 
1.223844, 0.156265 

0.000000, 0.000000 
-0.652450, 0.757832 
1.225605, 0.157204 

0.000000, 0.000000 
-0.654465, 0.756092 
1.227362, 0.158143 

0.000000, 0.000000 
-0.656475, 0.754348 
1.229115, 0.159081 

0.000000, 0.000000 
-0.658481, 0.752598 
1.230863, 0.160019 

0.000000, 0.000000 
-0.660481, 0.750842 
1.232606, 0.160956 

0.000000, 0.000000 
-0.662478, 0.749082 
1.234345, 0.161892 

0.000000, 0.000000 
-0.664469, 0.747316 
1.236079, 0.162828 

0.000000, 0.000000 
-0.666456, 0.745545 
1.237809, 0.163763 

0.000000, 0.000000 
-0.668438, 0.743768 
1.239534, 0.164698 

0.000000, 0.000000 
-0.670415, 0.741986 
1.241255, 0.165632 

0.000000, 0.000000 
-0.672388, 0.740199 
1.242971, 0.166565 

0.000000, 0.000000 
-0.674356, 0.738407 
1.244683, 0.167498 

0.000000, 0.000000 
-0.676319, 0.736609 
1.246391, 0.168431 

0.000000, 0.000000 
-0.678277, 0.734806 
1.248094, 0.169362 

0.000000, 0.000000 
-0.680230, 0.732999 
1.249793, 0.170293 

0.000000, 0.000000 
-0.682179, 0.731185 
1.251487, 0.171224 

0.000000, 0.000000 
-0.684123, 0.729367 
1.253177, 0.172154 

0.000000, 0.000000 
-0.686062, 0.727543 
1.254863, 0.173083 

0.000000, 0.000000 
-0.687996, 0.725715 
1.256544, 0.174012 

0.000000, 0.000000 
-0.689925, 0.723881 
1.258221, 0.174940 

0.000000, 0.000000 
-0.691849, 0.722042 
1.259894, 0.175868 

0.000000, 0.000000 
-0.693769, 0.720198 
1.261562, 0.176795 

0.000000, 0.000000 
-0.695683, 0.718349 
1.263226, 0.177721 

0.000000, 0.000000 
-0.697593, 0.716495 
1.264886, 0.178647 

0.000000, 0.000000 
-0.699497, 0.714635 
1.266541, 0.179572 

0.000000, 0.000000 
-0.701397, 0.712771 
1.268192, 0.180497 

0.000000, 0.000000 
-0.703292, 0.710902 
1.269839, 0.181421 

0.000000, 0.000000 
-0.705181, 0.709027 
1.271482, 0.182344 

0.000000, 0.000000 
-0.707066, 0.707148 
1.273120, 0.183267 

0.000000, 0.000000 
-0.708946, 0.705263 
1.274754, 0.184189 

0.000000, 0.000000 
-0.710820, 0.703374 
1.276384, 0.185111 

0.000000, 0.000000 
-0.712690, 0.701479 
1.278010, 0.186032 

0.000000, 0.000000 
-0.714555, 0.699580 
1.279632, 0.186952 

0.000000, 0.000000 
-0.716414, 0.697675 
1.281249, 0.187872 

0.000000, 0.000000 
-0.718269, 0.695766 
1.282862, 0.188791 

0.000000, 0.000000 
-0.720118, 0.693852 
1.284472, 0.189710 

0.000000, 0.000000 
-0.721962, 0.691932 
1.286077, 0.190628 

0.000000, 0.000000 
-0.723801, 0.690008 
1.287678, 0.191545 

0.000000, 0.000000 
-0.725635, 0.688079 
1.289274, 0.192462 

0.000000, 0.000000 
-0.727464, 0.686145 
1.290867, 0.193378 

0.000000, 0.000000 
-0.729288, 0.684207 
1.292456, 0.194294 

0.000000, 0.000000 
-0.731107, 0.682263 
1.294040, 0.195209 

0.000000, 0.000000 
-0.732920, 0.680315 
1.295621, 0.196123 

0.000000, 0.000000 
-0.734728, 0.678362 
1.297197, 0.197037 

0.000000, 0.000000 
-0.736531, 0.676404 
1.298769, 0.197950 

0.000000, 0.000000 
-0.738329, 0.674441 
1.300338, 0.198863 

0.000000, 0.000000 
-0.740122, 0.672473 
1.301902, 0.199775 

0.000000, 0.000000 
-0.741909, 0.670501 
1.303462, 0.200686 

0.000000, 0.000000 
-0.743691, 0.668524 
1.305018, 0.201597 

0.000000, 0.000000 
-0.745468, 0.666542 
1.306571, 0.202507 

0.000000, 0.000000 
-0.747239, 0.664555 
1.308119, 0.203417 

0.000000, 0.000000 
-0.749005, 0.662564 
1.309663, 0.204325 

0.000000, 0.000000 
-0.750766, 0.660568 
1.311203, 0.205234 

0.000000, 0.000000 
-0.752522, 0.658567 
1.312740, 0.206141 

0.000000, 0.000000 
-0.754272, 0.656562 
1.314272, 0.207048 

0.000000, 0.000000 
-0.756017, 0.654552 
1.315801, 0.207955 

0.000000, 0.000000 
-0.757757, 0.652537 
1.317325, 0.208861 

0.000000, 0.000000 
-0.759491, 0.650518 
1.318846, 0.209766 

0.000000, 0.000000 
-0.761219, 0.648494 
1.320363, 0.210671 

0.000000, 0.000000 
-0.762943, 0.646466 
1.321876, 0.211575 

0.000000, 0.000000 
-0.764661, 0.644433 
1.323385, 0.212478 

0.000000, 0.000000 
-0.766373, 0.642395 
1.324890, 0.213381 

0.000000, 0.000000 
-0.768081, 0.640353 
1.326391, 0.214283 

0.000000, 0.000000 
-0.769782, 0.638307 
1.327888, 0.215184 

0.000000, 0.000000 
-0.771479, 0.636255 
1.329382, 0.216085 

0.000000, 0.000000 
-0.773169, 0.634200 
1.330872, 0.216986 

0.000000, 0.000000 
-0.774855, 0.632139 
1.332357, 0.217885 

0.000000, 0.000000 
-0.776534, 0.630075 
1.333840, 0.218784 

0.000000, 0.000000 
-0.778209, 0.628006 
1.335318, 0.219683 

0.000000, 0.000000 
-0.779878, 0.625932 
1.336792, 0.220581 

0.000000, 0.000000 
-0.781541, 0.623854 
1.338263, 0.221478 

0.000000, 0.000000 
-0.783199, 0.621772 
1.339730, 0.222375 

0.000000, 0.000000 
-0.784851, 0.619685 
1.341193, 0.223271 

0.000000, 0.000000 
-0.786497, 0.617594 
1.342652, 0.224166 

0.000000, 0.000000 
-0.788138, 0.615498 
1.344108, 0.225061 

0.000000, 0.000000 
-0.789774, 0.613398 
1.345560, 0.225955 

0.000000, 0.000000 
-0.791404, 0.611294 
1.347008, 0.226848 

0.000000, 0.000000 
-0.793028, 0.609185 
1.348452, 0.227741 

0.000000, 0.000000 
-0.794647, 0.607072 
1.349893, 0.228633 

0.000000, 0.000000 
-0.796260, 0.604955 
1.351330, 0.229525 

0.000000, 0.000000 
-0.797867, 0.602833 
1.352763, 0.230416 

0.000000, 0.000000 
-0.799469, 0.600707 
1.354193, 0.231306 

0.000000, 0.000000 
-0.801065, 0.598577 
1.355619, 0.232196 

0.000000, 0.000000 
-0.802655, 0.596443 
1.357041, 0.233085 

0.000000, 0.000000 
-0.804240, 0.594305 
1.358460, 0.233974 

0.000000, 0.000000 
-0.805819, 0.592162 
1.359875, 0.234862 

0.000000, 0.000000 
-0.807392, 0.590015 
1.361286, 0.235749 

0.000000, 0.000000 
-0.808960, 0.587864 
1.362693, 0.236636 

0.000000, 0.000000 
-0.810522, 0.585708 
1.364097, 0.237522 

0.000000, 0.000000 
-0.812078, 0.583549 
1.365498, 0.238407 

0.000000, 0.000000 
-0.813628, 0.581385 
1.366895, 0.239292 

0.000000, 0.000000 
-0.815173, 0.579218 
1.368288, 0.240176 

0.000000, 0.000000 
-0.816712, 0.577046 
1.369677, 0.241059 

0.000000, 0.000000 
-0.818245, 0.574870 
1.371063, 0.241942 

0.000000, 0.000000 
-0.819772, 0.572690 
1.372446, 0.242825 

0.000000, 0.000000 
-0.821293, 0.570506 
1.373825, 0.243706 

0.000000, 0.000000 
-0.822809, 0.568318 
1.375200, 0.244587 

0.000000, 0.000000 
-0.824319, 0.566126 
1.376571, 0.245468 

0.000000, 0.000000 
-0.825823, 0.563930 
1.377940, 0.246347 

0.000000, 0.000000 
-0.827321, 0.561730 
1.379304, 0.247227 

0.000000, 0.000000 
-0.828813, 0.559526 
1.380665, 0.248105 

0.000000, 0.000000 
-0.830299, 0.557318 
1.382023, 0.248983 

0.000000, 0.000000 
-0.831780, 0.555106 
1.383377, 0.249860 

0.000000, 0.000000 
-0.833254, 0.552890 
1.384727, 0.250737 

0.000000, 0.000000 
-0.834723, 0.550670 
1.386074, 0.251613 

0.000000, 0.000000 
-0.836186, 0.548446 
1.387418, 0.252488 

0.000000, 0.000000 
-0.837643, 0.546219 
1.388758, 0.253363 

0.000000, 0.000000 
-0.839094, 0.543987 
1.390095, 0.254237 

0.000000, 0.000000 
-0.840539, 0.541752 
1.391428, 0.255110 

0.000000, 0.000000 
-0.841978, 0.539513 
1.392757, 0.255983 

0.000000, 0.000000 
-0.843411, 0.537270 
1.394083, 0.256856 

0.000000, 0.000000 
-0.844838, 0.535023 
1.395406, 0.257727 

0.000000, 0.000000 
-0.846259, 0.532772 
1.396725, 0.258598 

0.000000, 0.000000 
-0.847674, 0.530518 
1.398041, 0.259468 

0.000000, 0.000000 
-0.849083, 0.528260 
1.399354, 0.260338 

0.000000, 0.000000 
-0.850486, 0.525998 
1.400663, 0.261207 

0.000000, 0.000000 
-0.851883, 0.523732 
1.401968, 0.262076 

0.000000, 0.000000 
-0.853274, 0.521463 
1.403270, 0.262943 

0.000000, 0.000000 
-0.854659, 0.519190 
1.404569, 0.263811 

0.000000, 0.000000 
-0.856038, 0.516913 
1.405864, 0.264677 

0.000000, 0.000000 
-0.857411, 0.514633 
1.407156, 0.265543 

0.000000, 0.000000 
-0.858777, 0.512349 
1.408445, 0.266408 

0.000000, 0.000000 
-0.860138, 0.510061 
1.409730, 0.267273 

0.000000, 0.000000 
-0.861493, 0.507770 
1.411012, 0.268137 

0.000000, 0.000000 
-0.862841, 0.505475 
1.412291, 0.269000 

0.000000, 0.000000 
-0.864183, 0.503177 
1.413566, 0.269863 

0.000000, 0.000000 
-0.865520, 0.500875 
1.414838, 0.270725 

0.000000, 0.000000 
-0.866850, 0.498569 
1.416106, 0.271587 

0.000000, 0.000000 
-0.868174, 0.496260 
1.417371, 0.272447 

0.000000, 0.000000 
-0.869492, 0.493948 
1.418633, 0.273308 

0.000000, 0.000000 
-0.870803, 0.491632 
1.419892, 0.274167 

0.000000, 0.000000 
-0.872109, 0.489312 
1.421147, 0.275026 

0.000000, 0.000000 
-0.873408, 0.486989 
1.422399, 0.275884 

0.000000, 0.000000 
-0.874701, 0.484663 
1.423647, 0.276742 

0.000000, 0.000000 
-0.875988, 0.482333 
1.424893, 0.277599 

0.000000, 0.000000 
-0.877269, 0.479999 
1.426135, 0.278455 

0.000000, 0.000000 
-0.878543, 0.477663 
1.427374, 0.279311 

0.000000, 0.000000 
-0.879812, 0.475322 
1.428609, 0.280166 

0.000000, 0.000000 
-0.881074, 0.472979 
1.429841, 0.281021 

0.000000, 0.000000 
-0.882330, 0.470632 
1.431070, 0.281875 

0.000000, 0.000000 
-0.883579, 0.468282 
1.432296, 0.282728 

0.000000, 0.000000 
-0.884822, 0.465929 
1.433518, 0.283580 

0.000000, 0.000000 
-0.886059, 0.463572 
1.434738, 0.284432 

