-0.680228 	 -1.000677 	 0.320449 	 0.000000   
-0.680228 	 -1.002028 	 0.321800 	 0.050000   
-0.680228 	 -1.004288 	 0.324060 	 0.100000   
-0.680228 	 -1.007469 	 0.327241 	 0.150000   
-0.680228 	 -1.011590 	 0.331362 	 0.200000   
-0.680229 	 -1.016675 	 0.336446 	 0.250000   
-0.680229 	 -1.022751 	 0.342522 	 0.300000   
-0.680230 	 -1.029856 	 0.349627 	 0.350000   
-0.680230 	 -1.038031 	 0.357801 	 0.400000   
-0.680231 	 -1.047326 	 0.367094 	 0.450000   
-0.680232 	 -1.057796 	 0.377564 	 0.500000   
-0.680233 	 -1.069507 	 0.389275 	 0.550000   
-0.680234 	 -1.082534 	 0.402301 	 0.600000   
-0.680235 	 -1.096961 	 0.416726 	 0.650000   
-0.680237 	 -1.112883 	 0.432647 	 0.700000   
-0.680238 	 -1.130408 	 0.450169 	 0.750000   
-0.680241 	 -1.149655 	 0.469414 	 0.800000   
-0.680244 	 -1.170760 	 0.490516 	 0.850000   
-0.680248 	 -1.193871 	 0.513623 	 0.900000   
-0.680253 	 -1.219154 	 0.538901 	 0.950000   
-0.680260 	 -1.246792 	 0.566532 	 1.000000   
-0.680270 	 -1.276982 	 0.596712 	 1.050000   
-0.680283 	 -1.309935 	 0.629652 	 1.100000   
-0.680301 	 -1.345874 	 0.665573 	 1.150000   
-0.680326 	 -1.385027 	 0.704702 	 1.200000   
-0.680360 	 -1.427613 	 0.747254 	 1.250000   
-0.680408 	 -1.473829 	 0.793421 	 1.300000   
-0.680474 	 -1.523816 	 0.843342 	 1.350000   
-0.680566 	 -1.577625 	 0.897059 	 1.400000   
-0.680692 	 -1.635154 	 0.954462 	 1.450000   
-0.680863 	 -1.696067 	 1.015204 	 1.500000   
-0.681091 	 -1.759694 	 1.078603 	 1.550000   
-0.681386 	 -1.824900 	 1.143514 	 1.600000   
-0.681754 	 -1.889969 	 1.208215 	 1.650000   
-0.682188 	 -1.952511 	 1.270324 	 1.700000   
-0.682661 	 -2.009476 	 1.326815 	 1.750000   
-0.683123 	 -2.057340 	 1.374217 	 1.800000   
-0.683501 	 -2.092519 	 1.409018 	 1.850000   
-0.683719 	 -2.111979 	 1.428259 	 1.900000   
-0.683728 	 -2.113886 	 1.430158 	 1.950000   
-0.683520 	 -2.098053 	 1.414533 	 2.000000   
-0.683142 	 -2.065992 	 1.382850 	 2.050000   
-0.682666 	 -2.020532 	 1.337866 	 2.100000   
-0.682168 	 -1.965196 	 1.283028 	 2.150000   
-0.681704 	 -1.903563 	 1.221858 	 2.200000   
-0.681307 	 -1.838806 	 1.157499 	 2.250000   
-0.680986 	 -1.773463 	 1.092477 	 2.300000   
-0.680737 	 -1.709387 	 1.028650 	 2.350000   
-0.680550 	 -1.647826 	 0.967277 	 2.400000   
-0.680412 	 -1.589540 	 0.909127 	 2.450000   
-0.680313 	 -1.534924 	 0.854611 	 2.500000   
-0.680242 	 -1.484124 	 0.803882 	 2.550000   
-0.680193 	 -1.437116 	 0.756924 	 2.600000   
-0.680158 	 -1.393773 	 0.713615 	 2.650000   
-0.680135 	 -1.353908 	 0.673773 	 2.700000   
-0.680120 	 -1.317304 	 0.637184 	 2.750000   
-0.680111 	 -1.283735 	 0.603624 	 2.800000   
-0.680106 	 -1.252976 	 0.572871 	 2.850000   
-0.680103 	 -1.224813 	 0.544710 	 2.900000   
-0.680103 	 -1.199045 	 0.518942 	 2.950000   
-0.680105 	 -1.175487 	 0.495382 	 3.000000   
-0.680108 	 -1.153969 	 0.473861 	 3.050000   
-0.680111 	 -1.134339 	 0.454228 	 3.100000   
-0.680115 	 -1.116459 	 0.436344 	 3.150000   
-0.680120 	 -1.100206 	 0.420086 	 3.200000   
-0.680125 	 -1.085470 	 0.405345 	 3.250000   
-0.680130 	 -1.072153 	 0.392023 	 3.300000   
-0.680136 	 -1.060169 	 0.380034 	 3.350000   
-0.680141 	 -1.049442 	 0.369301 	 3.400000   
-0.680147 	 -1.039904 	 0.359757 	 3.450000   
-0.680153 	 -1.031496 	 0.351343 	 3.500000   
-0.680159 	 -1.024168 	 0.344009 	 3.550000   
-0.680165 	 -1.017877 	 0.337712 	 3.600000   
-0.680171 	 -1.012586 	 0.332414 	 3.650000   
-0.680177 	 -1.008263 	 0.328086 	 3.700000   
-0.680184 	 -1.004885 	 0.324701 	 3.750000   
-0.680190 	 -1.002432 	 0.322241 	 3.800000   
-0.680197 	 -1.000890 	 0.320693 	 3.850000   
-0.680204 	 -1.000251 	 0.320047 	 3.900000   
-0.680210 	 -1.000511 	 0.320300 	 3.950000   
-0.680217 	 -1.001671 	 0.321454 	 4.000000   
-0.680224 	 -1.003738 	 0.323514 	 4.050000   
-0.680231 	 -1.006724 	 0.326493 	 4.100000   
-0.680239 	 -1.010645 	 0.330406 	 4.150000   
-0.680246 	 -1.015524 	 0.335278 	 4.200000   
-0.680254 	 -1.021389 	 0.341135 	 4.250000   
-0.680261 	 -1.028274 	 0.348013 	 4.300000   
-0.680269 	 -1.036219 	 0.355950 	 4.350000   
-0.680277 	 -1.045273 	 0.364996 	 4.400000   
-0.680285 	 -1.055489 	 0.375204 	 4.450000   
-0.680294 	 -1.066933 	 0.386639 	 4.500000   
-0.680302 	 -1.079675 	 0.399373 	 4.550000   
-0.680311 	 -1.093799 	 0.413487 	 4.600000   
-0.680321 	 -1.109396 	 0.429075 	 4.650000   
-0.680330 	 -1.126572 	 0.446241 	 4.700000   
-0.680341 	 -1.145444 	 0.465103 	 4.750000   
-0.680352 	 -1.166143 	 0.485791 	 4.800000   
-0.680363 	 -1.188816 	 0.508452 	 4.850000   
-0.680377 	 -1.213624 	 0.533247 	 4.900000   
-0.680391 	 -1.240747 	 0.560355 	 4.950000   
-0.680409 	 -1.270377 	 0.589969 	 5.000000   
-0.680429 	 -1.302726 	 0.622296 	 5.050000   
-0.680454 	 -1.338012 	 0.657558 	 5.100000   
-0.680485 	 -1.376463 	 0.695979 	 5.150000   
-0.680525 	 -1.418303 	 0.737778 	 5.200000   
-0.680576 	 -1.463732 	 0.783156 	 5.250000   
-0.680645 	 -1.512909 	 0.832264 	 5.300000   
-0.680736 	 -1.565906 	 0.885170 	 5.350000   
-0.680858 	 -1.622660 	 0.941802 	 5.400000   
-0.681022 	 -1.682894 	 1.001872 	 5.450000   
-0.681237 	 -1.746016 	 1.064779 	 5.500000   
-0.681516 	 -1.811002 	 1.129486 	 5.550000   
-0.681863 	 -1.876268 	 1.194405 	 5.600000   
-0.682276 	 -1.939571 	 1.257295 	 5.650000   
-0.682732 	 -1.997992 	 1.315260 	 5.700000   
-0.683185 	 -2.048082 	 1.364898 	 5.750000   
-0.683566 	 -2.086226 	 1.402661 	 5.800000   
-0.683798 	 -2.109217 	 1.425419 	 5.850000   
-0.683825 	 -2.114920 	 1.431095 	 5.900000   
-0.683631 	 -2.102778 	 1.419147 	 5.950000   
-0.683254 	 -2.073962 	 1.390708 	 6.000000   
-0.682763 	 -2.031068 	 1.348305 	 6.050000   
-0.682237 	 -1.977528 	 1.295291 	 6.100000   
-0.681739 	 -1.916954 	 1.235216 	 6.150000   
-0.681305 	 -1.852632 	 1.171327 	 6.200000   
-0.680949 	 -1.787242 	 1.106293 	 6.250000   
-0.680671 	 -1.722780 	 1.042109 	 6.300000   
-0.680460 	 -1.660613 	 0.980153 	 6.350000   
-0.680303 	 -1.601592 	 0.921289 	 6.400000   
-0.680189 	 -1.546182 	 0.865993 	 6.450000   
-0.680108 	 -1.494572 	 0.814465 	 6.500000   
-0.680050 	 -1.446770 	 0.766720 	 6.550000   
-0.680010 	 -1.402665 	 0.722655 	 6.600000   
-0.679984 	 -1.362081 	 0.682097 	 6.650000   
-0.679966 	 -1.324805 	 0.644839 	 6.700000   
-0.679956 	 -1.290612 	 0.610655 	 6.750000   
-0.679951 	 -1.259275 	 0.579324 	 6.800000   
-0.679950 	 -1.230579 	 0.550629 	 6.850000   
-0.679952 	 -1.204319 	 0.524368 	 6.900000   
-0.679955 	 -1.180307 	 0.500352 	 6.950000   
-0.679961 	 -1.158370 	 0.478409 	 7.000000   
-0.679967 	 -1.138351 	 0.458384 	 7.050000   
-0.679975 	 -1.120111 	 0.440136 	 7.100000   
-0.679983 	 -1.103523 	 0.423540 	 7.150000   
-0.679992 	 -1.088474 	 0.408482 	 7.200000   
-0.680001 	 -1.074864 	 0.394863 	 7.250000   
-0.680011 	 -1.062604 	 0.382593 	 7.300000   
-0.680021 	 -1.051616 	 0.371595 	 7.350000   
-0.680031 	 -1.041831 	 0.361800 	 7.400000   
-0.680042 	 -1.033188 	 0.353146 	 7.450000   
-0.680053 	 -1.025636 	 0.345583 	 7.500000   
-0.680064 	 -1.019129 	 0.339065 	 7.550000   
-0.680075 	 -1.013628 	 0.333553 	 7.600000   
-0.680087 	 -1.009103 	 0.329016 	 7.650000   
-0.680099 	 -1.005527 	 0.325429 	 7.700000   
-0.680111 	 -1.002880 	 0.322770 	 7.750000   
-0.680123 	 -1.001147 	 0.321024 	 7.800000   
-0.680135 	 -1.000318 	 0.320182 	 7.850000   
-0.680148 	 -1.000388 	 0.320240 	 7.900000   
-0.680161 	 -1.001358 	 0.321197 	 7.950000   
-0.680174 	 -1.003234 	 0.323060 	 8.000000   
-0.680187 	 -1.006025 	 0.325837 	 8.050000   
-0.680201 	 -1.009747 	 0.329546 	 8.100000   
-0.680215 	 -1.014423 	 0.334208 	 8.150000   
-0.680229 	 -1.020078 	 0.339848 	 8.200000   
-0.680244 	 -1.026745 	 0.346501 	 8.250000   
-0.680259 	 -1.034463 	 0.354205 	 8.300000   
-0.680274 	 -1.043279 	 0.363005 	 8.350000   
-0.680290 	 -1.053247 	 0.372957 	 8.400000   
-0.680306 	 -1.064426 	 0.384121 	 8.450000   
-0.680322 	 -1.076889 	 0.396567 	 8.500000   
-0.680339 	 -1.090714 	 0.410375 	 8.550000   
-0.680357 	 -1.105993 	 0.425636 	 8.600000   
-0.680375 	 -1.122827 	 0.442452 	 8.650000   
-0.680394 	 -1.141331 	 0.460937 	 8.700000   
-0.680414 	 -1.161633 	 0.481220 	 8.750000   
-0.680435 	 -1.183877 	 0.503442 	 8.800000   
-0.680457 	 -1.208221 	 0.527763 	 8.850000   
-0.680482 	 -1.234839 	 0.554357 	 8.900000   
-0.680508 	 -1.263923 	 0.583415 	 8.950000   
-0.680539 	 -1.295679 	 0.615141 	 9.000000   
-0.680573 	 -1.330326 	 0.649753 	 9.050000   
-0.680613 	 -1.368089 	 0.687475 	 9.100000   
-0.680662 	 -1.409193 	 0.728531 	 9.150000   
-0.680722 	 -1.453846 	 0.773124 	 9.200000   
-0.680797 	 -1.502219 	 0.821421 	 9.250000   
-0.680894 	 -1.554404 	 0.873510 	 9.300000   
-0.681019 	 -1.610374 	 0.929355 	 9.350000   
-0.681183 	 -1.669903 	 0.988721 	 9.400000   
-0.681395 	 -1.732476 	 1.051081 	 9.450000   
-0.681666 	 -1.797169 	 1.115504 	 9.500000   
-0.682003 	 -1.862528 	 1.180526 	 9.550000   
-0.682404 	 -1.926454 	 1.244050 	 9.600000   
-0.682851 	 -1.986166 	 1.303315 	 9.650000   
-0.683302 	 -2.038306 	 1.355004 	 9.700000   
-0.683693 	 -2.079253 	 1.395560 	 9.750000   
-0.683946 	 -2.105659 	 1.421714 	 9.800000   
-0.683998 	 -2.115114 	 1.431116 	 9.850000   
-0.683824 	 -2.106701 	 1.422877 	 9.900000   
-0.683453 	 -2.081236 	 1.397783 	 9.950000   
-0.682951 	 -2.041056 	 1.358105 	 10.000000   
-0.682399 	 -1.989472 	 1.307073 	 10.050000   
-0.681864 	 -1.930105 	 1.248241 	 10.100000   
-0.681390 	 -1.866340 	 1.184950 	 10.150000   
-0.680996 	 -1.800997 	 1.120002 	 10.200000   
-0.680682 	 -1.736215 	 1.055533 	 10.250000   
-0.680440 	 -1.673484 	 0.993044 	 10.300000   
-0.680258 	 -1.613755 	 0.933498 	 10.350000   
-0.680123 	 -1.557564 	 0.877442 	 10.400000   
-0.680024 	 -1.505151 	 0.825127 	 10.450000   
-0.679953 	 -1.456553 	 0.776601 	 10.500000   
-0.679902 	 -1.411683 	 0.731781 	 10.550000   
-0.679867 	 -1.370374 	 0.690507 	 10.600000   
-0.679842 	 -1.332419 	 0.652577 	 10.650000   
-0.679827 	 -1.297595 	 0.617768 	 10.700000   
-0.679818 	 -1.265674 	 0.585856 	 10.750000   
-0.679813 	 -1.236438 	 0.556625 	 10.800000   
-0.679812 	 -1.209680 	 0.529868 	 10.850000   
-0.679815 	 -1.185208 	 0.505393 	 10.900000   
-0.679819 	 -1.162846 	 0.483027 	 10.950000   
-0.679825 	 -1.142434 	 0.462609 	 11.000000   
-0.679833 	 -1.123829 	 0.443996 	 11.050000   
-0.679842 	 -1.106901 	 0.427060 	 11.100000   
-0.679851 	 -1.091536 	 0.411684 	 11.150000   
-0.679862 	 -1.077629 	 0.397767 	 11.200000   
-0.679873 	 -1.065091 	 0.385218 	 11.250000   
-0.679885 	 -1.053840 	 0.373955 	 11.300000   
-0.679898 	 -1.043806 	 0.363908 	 11.350000   
-0.679911 	 -1.034927 	 0.355016 	 11.400000   
-0.679925 	 -1.027148 	 0.347223 	 11.450000   
-0.679939 	 -1.020423 	 0.340484 	 11.500000   
-0.679953 	 -1.014713 	 0.334760 	 11.550000   
-0.679968 	 -1.009984 	 0.330016 	 11.600000   
-0.679983 	 -1.006210 	 0.326227 	 11.650000   
-0.679999 	 -1.003368 	 0.323369 	 11.700000   
-0.680015 	 -1.001443 	 0.321428 	 11.750000   
-0.680031 	 -1.000423 	 0.320392 	 11.800000   
-0.680048 	 -1.000304 	 0.320256 	 11.850000   
-0.680066 	 -1.001085 	 0.321019 	 11.900000   
-0.680083 	 -1.002769 	 0.322685 	 11.950000   
-0.680102 	 -1.005366 	 0.325264 	 12.000000   
-0.680120 	 -1.008891 	 0.328771 	 12.050000   
-0.680140 	 -1.013364 	 0.333224 	 12.100000   
-0.680159 	 -1.018810 	 0.338651 	 12.150000   
-0.680180 	 -1.025262 	 0.345082 	 12.200000   
-0.680200 	 -1.032756 	 0.352555 	 12.250000   
-0.680222 	 -1.041337 	 0.361115 	 12.300000   
-0.680244 	 -1.051058 	 0.370814 	 12.350000   
-0.680267 	 -1.061977 	 0.381710 	 12.400000   
-0.680290 	 -1.074164 	 0.393874 	 12.450000   
-0.680315 	 -1.087696 	 0.407382 	 12.500000   
-0.680340 	 -1.102662 	 0.422322 	 12.550000   
-0.680366 	 -1.119160 	 0.438794 	 12.600000   
-0.680394 	 -1.137303 	 0.456910 	 12.650000   
-0.680422 	 -1.157217 	 0.476795 	 12.700000   
-0.680452 	 -1.179040 	 0.498588 	 12.750000   
-0.680484 	 -1.202928 	 0.522444 	 12.800000   
-0.680519 	 -1.229053 	 0.548535 	 12.850000   
-0.680556 	 -1.257602 	 0.577046 	 12.900000   
-0.680597 	 -1.288778 	 0.608182 	 12.950000   
-0.680642 	 -1.322798 	 0.642156 	 13.000000   
-0.680694 	 -1.359886 	 0.679192 	 13.050000   
-0.680753 	 -1.400268 	 0.719514 	 13.100000   
-0.680824 	 -1.444157 	 0.763333 	 13.150000   
-0.680910 	 -1.491734 	 0.810824 	 13.200000   
-0.681016 	 -1.543112 	 0.862095 	 13.250000   
-0.681150 	 -1.598292 	 0.917143 	 13.300000   
-0.681319 	 -1.657099 	 0.975780 	 13.350000   
-0.681534 	 -1.719085 	 1.037551 	 13.400000   
-0.681806 	 -1.783426 	 1.101620 	 13.450000   
-0.682141 	 -1.848787 	 1.166646 	 13.500000   
-0.682541 	 -1.913213 	 1.230673 	 13.550000   
-0.682988 	 -1.974064 	 1.291075 	 13.600000   
-0.683447 	 -2.028085 	 1.344638 	 13.650000   
-0.683856 	 -2.071674 	 1.387818 	 13.700000   
-0.684138 	 -2.101375 	 1.417237 	 13.750000   
-0.684225 	 -2.114525 	 1.430300 	 13.800000   
-0.684082 	 -2.109862 	 1.425780 	 13.850000   
-0.683728 	 -2.087840 	 1.404111 	 13.900000   
-0.683224 	 -2.050511 	 1.367287 	 13.950000   
-0.682651 	 -2.001036 	 1.318385 	 14.000000   
-0.682083 	 -1.943022 	 1.260939 	 14.050000   
-0.681569 	 -1.879936 	 1.198368 	 14.100000   
-0.681133 	 -1.814734 	 1.133601 	 14.150000   
-0.680780 	 -1.749697 	 1.068917 	 14.200000   
-0.680503 	 -1.686446 	 1.005943 	 14.250000   
-0.680290 	 -1.626034 	 0.945744 	 14.300000   
-0.680130 	 -1.569075 	 0.888946 	 14.350000   
-0.680009 	 -1.515861 	 0.835853 	 14.400000   
-0.679919 	 -1.466468 	 0.786549 	 14.450000   
-0.679852 	 -1.420827 	 0.740975 	 14.500000   
-0.679803 	 -1.378786 	 0.698983 	 14.550000   
-0.679768 	 -1.340145 	 0.660377 	 14.600000   
-0.679742 	 -1.304681 	 0.624939 	 14.650000   
-0.679725 	 -1.272168 	 0.592444 	 14.700000   
-0.679713 	 -1.242385 	 0.562672 	 14.750000   
-0.679706 	 -1.215122 	 0.535416 	 14.800000   
-0.679703 	 -1.190184 	 0.510481 	 14.850000   
-0.679703 	 -1.167391 	 0.487689 	 14.900000   
-0.679705 	 -1.146581 	 0.466876 	 14.950000   
-0.679709 	 -1.127607 	 0.447898 	 15.000000   
-0.679715 	 -1.110336 	 0.430620 	 15.050000   
-0.679723 	 -1.094650 	 0.414927 	 15.100000   
-0.679732 	 -1.080444 	 0.400712 	 15.150000   
-0.679742 	 -1.067624 	 0.387882 	 15.200000   
-0.679753 	 -1.056108 	 0.376355 	 15.250000   
-0.679764 	 -1.045823 	 0.366058 	 15.300000   
-0.679777 	 -1.036704 	 0.356927 	 15.350000   
-0.679791 	 -1.028697 	 0.348907 	 15.400000   
-0.679805 	 -1.021754 	 0.341949 	 15.450000   
-0.679820 	 -1.015833 	 0.336013 	 15.500000   
-0.679835 	 -1.010899 	 0.331064 	 15.550000   
-0.679852 	 -1.006926 	 0.327074 	 15.600000   
-0.679869 	 -1.003889 	 0.324020 	 15.650000   
-0.679886 	 -1.001771 	 0.321885 	 15.700000   
-0.679904 	 -1.000562 	 0.320657 	 15.750000   
-0.679923 	 -1.000253 	 0.320330 	 15.800000   
-0.679943 	 -1.000844 	 0.320901 	 15.850000   
-0.679963 	 -1.002337 	 0.322373 	 15.900000   
-0.679984 	 -1.004741 	 0.324756 	 15.950000   
-0.680006 	 -1.008069 	 0.328063 	 16.000000   
-0.680028 	 -1.012341 	 0.332312 	 16.050000   
-0.680052 	 -1.017580 	 0.337528 	 16.100000   
-0.680076 	 -1.023817 	 0.343741 	 16.150000   
-0.680101 	 -1.031088 	 0.350988 	 16.200000   
-0.680126 	 -1.039437 	 0.359311 	 16.250000   
-0.680153 	 -1.048914 	 0.368761 	 16.300000   
-0.680181 	 -1.059576 	 0.379395 	 16.350000   
-0.680210 	 -1.071491 	 0.391281 	 16.400000   
-0.680240 	 -1.084734 	 0.404494 	 16.450000   
-0.680271 	 -1.099391 	 0.419120 	 16.500000   
-0.680304 	 -1.115559 	 0.435255 	 16.550000   
-0.680338 	 -1.133347 	 0.453009 	 16.600000   
-0.680374 	 -1.152878 	 0.472504 	 16.650000   
-0.680412 	 -1.174289 	 0.493877 	 16.700000   
-0.680453 	 -1.197731 	 0.517278 	 16.750000   
-0.680496 	 -1.223372 	 0.542876 	 16.800000   
-0.680543 	 -1.251396 	 0.570853 	 16.850000   
-0.680593 	 -1.282004 	 0.601410 	 16.900000   
-0.680649 	 -1.315408 	 0.634759 	 16.950000   
-0.680712 	 -1.351834 	 0.671122 	 17.000000   
-0.680783 	 -1.391507 	 0.710724 	 17.050000   
-0.680865 	 -1.434644 	 0.753778 	 17.100000   
-0.680963 	 -1.481434 	 0.800471 	 17.150000   
-0.681081 	 -1.532009 	 0.850929 	 17.200000   
-0.681225 	 -1.586399 	 0.905174 	 17.250000   
-0.681404 	 -1.644470 	 0.963066 	 17.300000   
-0.681627 	 -1.705842 	 1.024215 	 17.350000   
-0.681905 	 -1.769778 	 1.087873 	 17.400000   
-0.682246 	 -1.835063 	 1.152817 	 17.450000   
-0.682651 	 -1.899879 	 1.217228 	 17.500000   
-0.683107 	 -1.961729 	 1.278622 	 17.550000   
-0.683583 	 -2.017474 	 1.333891 	 17.600000   
-0.684019 	 -2.063551 	 1.379532 	 17.650000   
-0.684341 	 -2.096422 	 1.412082 	 17.700000   
-0.684474 	 -2.113205 	 1.428731 	 17.750000   
-0.684376 	 -2.112302 	 1.427927 	 17.800000   
-0.684052 	 -2.093803 	 1.409751 	 17.850000   
-0.683559 	 -2.059455 	 1.375896 	 17.900000   
-0.682976 	 -2.012239 	 1.329262 	 17.950000   
-0.682381 	 -1.955720 	 1.273338 	 18.000000   
-0.681831 	 -1.893436 	 1.211605 	 18.050000   
-0.681356 	 -1.828468 	 1.147112 	 18.100000   
-0.680964 	 -1.763243 	 1.082279 	 18.150000   
-0.680651 	 -1.699515 	 1.018863 	 18.200000   
-0.680406 	 -1.638445 	 0.958038 	 18.250000   
-0.680217 	 -1.580728 	 0.900512 	 18.300000   
-0.680071 	 -1.526717 	 0.846646 	 18.350000   
-0.679960 	 -1.476524 	 0.796564 	 18.400000   
-0.679874 	 -1.430106 	 0.750232 	 18.450000   
-0.679808 	 -1.387325 	 0.707516 	 18.500000   
-0.679758 	 -1.347987 	 0.668230 	 18.550000   
-0.679719 	 -1.311875 	 0.632156 	 18.600000   
-0.679689 	 -1.278761 	 0.599072 	 18.650000   
-0.679667 	 -1.248423 	 0.568756 	 18.700000   
-0.679651 	 -1.220647 	 0.540996 	 18.750000   
-0.679639 	 -1.195236 	 0.515597 	 18.800000   
-0.679631 	 -1.172006 	 0.492375 	 18.850000   
-0.679626 	 -1.150792 	 0.471166 	 18.900000   
-0.679624 	 -1.131443 	 0.451819 	 18.950000   
-0.679624 	 -1.113824 	 0.434200 	 19.000000   
-0.679626 	 -1.097814 	 0.418188 	 19.050000   
-0.679630 	 -1.083305 	 0.403675 	 19.100000   
-0.679636 	 -1.070201 	 0.390565 	 19.150000   
-0.679643 	 -1.058417 	 0.378774 	 19.200000   
-0.679651 	 -1.047878 	 0.368227 	 19.250000   
-0.679660 	 -1.038519 	 0.358859 	 19.300000   
-0.679671 	 -1.030282 	 0.350611 	 19.350000   
-0.679683 	 -1.023119 	 0.343436 	 19.400000   
-0.679695 	 -1.016985 	 0.337290 	 19.450000   
-0.679709 	 -1.011847 	 0.332137 	 19.500000   
-0.679724 	 -1.007673 	 0.327949 	 19.550000   
-0.679739 	 -1.004440 	 0.324701 	 19.600000   
-0.679756 	 -1.002130 	 0.322375 	 19.650000   
-0.679773 	 -1.000730 	 0.320957 	 19.700000   
-0.679792 	 -1.000232 	 0.320441 	 19.750000   
-0.679811 	 -1.000633 	 0.320823 	 19.800000   
-0.679831 	 -1.001936 	 0.322105 	 19.850000   
-0.679852 	 -1.004147 	 0.324295 	 19.900000   
-0.679874 	 -1.007279 	 0.327405 	 19.950000   
-0.679897 	 -1.011351 	 0.331453 	 20.000000   
-0.679922 	 -1.016384 	 0.336462 	 20.050000   
-0.679947 	 -1.022408 	 0.342461 	 20.100000   
-0.679973 	 -1.029459 	 0.349485 	 20.150000   
-0.680001 	 -1.037577 	 0.357576 	 20.200000   
-0.680030 	 -1.046812 	 0.366782 	 20.250000   
-0.680060 	 -1.057220 	 0.377160 	 20.300000   
-0.680092 	 -1.068866 	 0.388774 	 20.350000   
-0.680125 	 -1.081823 	 0.401698 	 20.400000   
-0.680160 	 -1.096175 	 0.416015 	 20.450000   
-0.680196 	 -1.112017 	 0.431821 	 20.500000   
-0.680235 	 -1.129455 	 0.449220 	 20.550000   
-0.680276 	 -1.148610 	 0.468334 	 20.600000   
-0.680320 	 -1.169614 	 0.489294 	 20.650000   
-0.680366 	 -1.192616 	 0.512250 	 20.700000   
-0.680416 	 -1.217781 	 0.537365 	 20.750000   
-0.680470 	 -1.245289 	 0.564820 	 20.800000   
-0.680528 	 -1.275338 	 0.594810 	 20.850000   
-0.680593 	 -1.308138 	 0.627546 	 20.900000   
-0.680664 	 -1.343912 	 0.663248 	 20.950000   
-0.680745 	 -1.382886 	 0.702140 	 21.000000   
-0.680838 	 -1.425280 	 0.744442 	 21.050000   
-0.680946 	 -1.471292 	 0.790346 	 21.100000   
-0.681075 	 -1.521068 	 0.839993 	 21.150000   
-0.681230 	 -1.574664 	 0.893434 	 21.200000   
-0.681419 	 -1.631987 	 0.950567 	 21.250000   
-0.681652 	 -1.692716 	 1.011064 	 21.300000   
-0.681940 	 -1.756201 	 1.074261 	 21.350000   
-0.682289 	 -1.821336 	 1.139047 	 21.400000   
-0.682704 	 -1.886439 	 1.203734 	 21.450000   
-0.683175 	 -1.949157 	 1.265981 	 21.500000   
-0.683673 	 -2.006474 	 1.322801 	 21.550000   
-0.684144 	 -2.054888 	 1.370744 	 21.600000   
-0.684514 	 -2.090806 	 1.406293 	 21.650000   
-0.684705 	 -2.111153 	 1.426448 	 21.700000   
-0.684664 	 -2.114015 	 1.429351 	 21.750000   
-0.684388 	 -2.099116 	 1.414728 	 21.800000   
-0.683921 	 -2.067878 	 1.383957 	 21.850000   
-0.683342 	 -2.023074 	 1.339732 	 21.900000   
-0.682732 	 -1.968202 	 1.285470 	 21.950000   
-0.682154 	 -1.906849 	 1.224695 	 22.000000   
-0.681645 	 -1.842217 	 1.160571 	 22.050000   
-0.681218 	 -1.776875 	 1.095657 	 22.100000   
-0.680871 	 -1.712715 	 1.031844 	 22.150000   
-0.680595 	 -1.651013 	 0.970418 	 22.200000   
-0.680377 	 -1.592551 	 0.912174 	 22.250000   
-0.680206 	 -1.537744 	 0.857538 	 22.300000   
-0.680071 	 -1.486747 	 0.806675 	 22.350000   
-0.679965 	 -1.439544 	 0.759578 	 22.400000   
-0.679881 	 -1.396012 	 0.716131 	 22.450000   
-0.679814 	 -1.355969 	 0.676155 	 22.500000   
-0.679760 	 -1.319197 	 0.639437 	 22.550000   
-0.679717 	 -1.285472 	 0.605755 	 22.600000   
-0.679681 	 -1.254568 	 0.574886 	 22.650000   
-0.679653 	 -1.226270 	 0.546617 	 22.700000   
-0.679630 	 -1.200377 	 0.520747 	 22.750000   
-0.679612 	 -1.176703 	 0.497091 	 22.800000   
-0.679598 	 -1.155078 	 0.475481 	 22.850000   
-0.679587 	 -1.135349 	 0.455762 	 22.900000   
-0.679579 	 -1.117377 	 0.437798 	 22.950000   
-0.679573 	 -1.101038 	 0.421464 	 23.000000   
-0.679570 	 -1.086221 	 0.406651 	 23.050000   
-0.679569 	 -1.072829 	 0.393260 	 23.100000   
-0.679569 	 -1.060774 	 0.381204 	 23.150000   
-0.679571 	 -1.049979 	 0.370407 	 23.200000   
-0.679575 	 -1.040376 	 0.360801 	 23.250000   
-0.679580 	 -1.031908 	 0.352327 	 23.300000   
-0.679587 	 -1.024522 	 0.344935 	 23.350000   
-0.679595 	 -1.018175 	 0.338580 	 23.400000   
-0.679604 	 -1.012829 	 0.333225 	 23.450000   
-0.679615 	 -1.008454 	 0.328840 	 23.500000   
-0.679626 	 -1.005025 	 0.325399 	 23.550000   
-0.679639 	 -1.002522 	 0.322883 	 23.600000   
-0.679653 	 -1.000931 	 0.321278 	 23.650000   
-0.679668 	 -1.000244 	 0.320575 	 23.700000   
-0.679685 	 -1.000455 	 0.320771 	 23.750000   
-0.679702 	 -1.001567 	 0.321865 	 23.800000   
-0.679721 	 -1.003586 	 0.323865 	 23.850000   
-0.679741 	 -1.006523 	 0.326782 	 23.900000   
-0.679762 	 -1.010394 	 0.330633 	 23.950000   
-0.679784 	 -1.015223 	 0.335438 	 24.000000   
-0.679808 	 -1.021035 	 0.341227 	 24.050000   
-0.679833 	 -1.027866 	 0.348033 	 24.100000   
-0.679860 	 -1.035756 	 0.355896 	 24.150000   
-0.679888 	 -1.044751 	 0.364863 	 24.200000   
-0.679918 	 -1.054907 	 0.374989 	 24.250000   
-0.679950 	 -1.066286 	 0.386336 	 24.300000   
-0.679983 	 -1.078960 	 0.398977 	 24.350000   
-0.680019 	 -1.093011 	 0.412992 	 24.400000   
-0.680057 	 -1.108531 	 0.428474 	 24.450000   
-0.680097 	 -1.125624 	 0.445527 	 24.500000   
-0.680140 	 -1.144406 	 0.464267 	 24.550000   
-0.680185 	 -1.165009 	 0.484824 	 24.600000   
-0.680235 	 -1.187578 	 0.507343 	 24.650000   
-0.680288 	 -1.212273 	 0.531986 	 24.700000   
-0.680345 	 -1.239273 	 0.558928 	 24.750000   
-0.680409 	 -1.268771 	 0.588362 	 24.800000   
-0.680478 	 -1.300975 	 0.620496 	 24.850000   
-0.680556 	 -1.336105 	 0.655549 	 24.900000   
-0.680643 	 -1.374388 	 0.693744 	 24.950000   
-0.680743 	 -1.416046 	 0.735303 	 25.000000   
-0.680860 	 -1.461285 	 0.780425 	 25.050000   
-0.680996 	 -1.510263 	 0.829267 	 25.100000   
-0.681160 	 -1.563061 	 0.881900 	 25.150000   
-0.681358 	 -1.619621 	 0.938263 	 25.200000   
-0.681600 	 -1.679680 	 0.998080 	 25.250000   
-0.681896 	 -1.742666 	 1.060770 	 25.300000   
-0.682255 	 -1.807580 	 1.125325 	 25.350000   
-0.682682 	 -1.872870 	 1.190188 	 25.400000   
-0.683169 	 -1.936329 	 1.253159 	 25.450000   
-0.683693 	 -1.995072 	 1.311379 	 25.500000   
-0.684202 	 -2.045672 	 1.361469 	 25.550000   
-0.684626 	 -2.084511 	 1.399884 	 25.600000   
-0.684884 	 -2.108346 	 1.423462 	 25.650000   
-0.684913 	 -2.114973 	 1.430059 	 25.700000   
-0.684698 	 -2.103747 	 1.419048 	 25.750000   
-0.684274 	 -2.075750 	 1.391476 	 25.800000   
-0.683715 	 -2.033519 	 1.349803 	 25.850000   
-0.683104 	 -1.980455 	 1.297350 	 25.900000   
-0.682510 	 -1.920174 	 1.237664 	 25.950000   
-0.681976 	 -1.855987 	 1.174011 	 26.000000   
-0.681520 	 -1.790608 	 1.109088 	 26.050000   
-0.681144 	 -1.726068 	 1.044924 	 26.100000   
-0.680840 	 -1.663764 	 0.982924 	 26.150000   
-0.680596 	 -1.604570 	 0.923975 	 26.200000   
-0.680401 	 -1.548970 	 0.868569 	 26.250000   
-0.680245 	 -1.497164 	 0.816919 	 26.300000   
-0.680119 	 -1.449167 	 0.769048 	 26.350000   
-0.680017 	 -1.404875 	 0.724858 	 26.400000   
-0.679933 	 -1.364113 	 0.684179 	 26.450000   
-0.679864 	 -1.326669 	 0.646806 	 26.500000   
-0.679806 	 -1.292320 	 0.612515 	 26.550000   
-0.679757 	 -1.260840 	 0.581083 	 26.600000   
-0.679716 	 -1.232010 	 0.552294 	 26.650000   
-0.679681 	 -1.205626 	 0.525945 	 26.700000   
-0.679651 	 -1.181499 	 0.501848 	 26.750000   
-0.679626 	 -1.159456 	 0.479829 	 26.800000   
-0.679605 	 -1.139339 	 0.459734 	 26.850000   
-0.679587 	 -1.121007 	 0.441420 	 26.900000   
-0.679572 	 -1.104333 	 0.424761 	 26.950000   
-0.679560 	 -1.089204 	 0.409644 	 27.000000   
-0.679550 	 -1.075519 	 0.395969 	 27.050000   
-0.679542 	 -1.063189 	 0.383647 	 27.100000   
-0.679536 	 -1.052134 	 0.372598 	 27.150000   
-0.679533 	 -1.042285 	 0.362753 	 27.200000   
-0.679531 	 -1.033582 	 0.354052 	 27.250000   
-0.679530 	 -1.025972 	 0.346442 	 27.300000   
-0.679531 	 -1.019409 	 0.339878 	 27.350000   
-0.679534 	 -1.013855 	 0.334321 	 27.400000   
-0.679538 	 -1.009278 	 0.329739 	 27.450000   
-0.679544 	 -1.005651 	 0.326107 	 27.500000   
-0.679551 	 -1.002953 	 0.323402 	 27.550000   
-0.679559 	 -1.001171 	 0.321612 	 27.600000   
-0.679569 	 -1.000293 	 0.320724 	 27.650000   
-0.679580 	 -1.000315 	 0.320734 	 27.700000   
-0.679593 	 -1.001236 	 0.321644 	 27.750000   
-0.679607 	 -1.003063 	 0.323456 	 27.800000   
-0.679622 	 -1.005804 	 0.326183 	 27.850000   
-0.679639 	 -1.009477 	 0.329838 	 27.900000   
-0.679657 	 -1.014101 	 0.334444 	 27.950000   
-0.679677 	 -1.019703 	 0.340026 	 28.000000   
-0.679698 	 -1.026316 	 0.346618 	 28.050000   
-0.679721 	 -1.033978 	 0.354257 	 28.100000   
-0.679746 	 -1.042735 	 0.362989 	 28.150000   
-0.679772 	 -1.052640 	 0.372868 	 28.200000   
-0.679801 	 -1.063755 	 0.383954 	 28.250000   
-0.679832 	 -1.076149 	 0.396318 	 28.300000   
-0.679865 	 -1.089902 	 0.410037 	 28.350000   
-0.679900 	 -1.105103 	 0.425203 	 28.400000   
-0.679939 	 -1.121855 	 0.441916 	 28.450000   
-0.679980 	 -1.140270 	 0.460290 	 28.500000   
-0.680025 	 -1.160477 	 0.480453 	 28.550000   
-0.680073 	 -1.182618 	 0.502545 	 28.600000   
-0.680126 	 -1.206850 	 0.526724 	 28.650000   
-0.680184 	 -1.233348 	 0.553165 	 28.700000   
-0.680247 	 -1.262302 	 0.582055 	 28.750000   
-0.680318 	 -1.293917 	 0.613599 	 28.800000   
-0.680397 	 -1.328411 	 0.648014 	 28.850000   
-0.680487 	 -1.366011 	 0.685523 	 28.900000   
-0.680590 	 -1.406940 	 0.726350 	 28.950000   
-0.680710 	 -1.451410 	 0.770700 	 29.000000   
-0.680851 	 -1.499591 	 0.818741 	 29.050000   
-0.681019 	 -1.551585 	 0.870566 	 29.100000   
-0.681222 	 -1.607369 	 0.926147 	 29.150000   
-0.681469 	 -1.666730 	 0.985262 	 29.200000   
-0.681770 	 -1.729172 	 1.047402 	 29.250000   
-0.682136 	 -1.793795 	 1.111660 	 29.300000   
-0.682571 	 -1.859176 	 1.176604 	 29.350000   
-0.683073 	 -1.923249 	 1.240176 	 29.400000   
-0.683621 	 -1.983269 	 1.299648 	 29.450000   
-0.684169 	 -2.035901 	 1.351732 	 29.500000   
-0.684649 	 -2.077525 	 1.392876 	 29.550000   
-0.684978 	 -2.104763 	 1.419785 	 29.600000   
-0.685087 	 -2.115139 	 1.430052 	 29.650000   
-0.684947 	 -2.107649 	 1.422702 	 29.700000   
-0.684582 	 -2.083020 	 1.398438 	 29.750000   
-0.684059 	 -2.043524 	 1.359465 	 29.800000   
-0.683463 	 -1.992436 	 1.308974 	 29.850000   
-0.682866 	 -1.933379 	 1.250513 	 29.900000   
-0.682317 	 -1.869759 	 1.187442 	 29.950000   
-0.681841 	 -1.804432 	 1.122591 	 30.000000   
-0.681443 	 -1.739571 	 1.058129 	 30.050000   
-0.681117 	 -1.676700 	 0.995583 	 30.100000   
-0.680852 	 -1.616793 	 0.935941 	 30.150000   
-0.680638 	 -1.560405 	 0.879767 	 30.200000   
-0.680464 	 -1.507788 	 0.827324 	 30.250000   
-0.680321 	 -1.458989 	 0.778668 	 30.300000   
-0.680203 	 -1.413925 	 0.733722 	 30.350000   
-0.680105 	 -1.372432 	 0.692328 	 30.400000   
-0.680021 	 -1.334305 	 0.654284 	 30.450000   
-0.679950 	 -1.299320 	 0.619371 	 30.500000   
-0.679888 	 -1.267251 	 0.587363 	 30.550000   
-0.679835 	 -1.237878 	 0.558044 	 30.600000   
-0.679788 	 -1.210994 	 0.531206 	 30.650000   
-0.679747 	 -1.186404 	 0.506657 	 30.700000   
-0.679711 	 -1.163934 	 0.484223 	 30.750000   
-0.679679 	 -1.143422 	 0.463743 	 30.800000   
-0.679651 	 -1.124724 	 0.445073 	 30.850000   
-0.679626 	 -1.107710 	 0.428084 	 30.900000   
-0.679604 	 -1.092263 	 0.412659 	 30.950000   
-0.679585 	 -1.078281 	 0.398696 	 31.000000   
-0.679568 	 -1.065671 	 0.386103 	 31.050000   
-0.679554 	 -1.054353 	 0.374799 	 31.100000   
-0.679541 	 -1.044255 	 0.364713 	 31.150000   
-0.679531 	 -1.035314 	 0.355783 	 31.200000   
-0.679522 	 -1.027477 	 0.347954 	 31.250000   
-0.679516 	 -1.020696 	 0.341180 	 31.300000   
-0.679511 	 -1.014931 	 0.335421 	 31.350000   
-0.679507 	 -1.010150 	 0.330643 	 31.400000   
-0.679505 	 -1.006324 	 0.326818 	 31.450000   
-0.679505 	 -1.003431 	 0.323926 	 31.500000   
-0.679506 	 -1.001456 	 0.321950 	 31.550000   
-0.679509 	 -1.000388 	 0.320879 	 31.600000   
-0.679513 	 -1.000219 	 0.320706 	 31.650000   
-0.679519 	 -1.000950 	 0.321431 	 31.700000   
-0.679526 	 -1.002585 	 0.323059 	 31.750000   
-0.679535 	 -1.005132 	 0.325597 	 31.800000   
-0.679545 	 -1.008606 	 0.329060 	 31.850000   
-0.679557 	 -1.013026 	 0.333469 	 31.900000   
-0.679571 	 -1.018419 	 0.338848 	 31.950000   
-0.679586 	 -1.024814 	 0.345229 	 32.000000   
-0.679603 	 -1.032251 	 0.352648 	 32.050000   
-0.679622 	 -1.040772 	 0.361150 	 32.100000   
-0.679643 	 -1.050430 	 0.370787 	 32.150000   
-0.679666 	 -1.061283 	 0.381617 	 32.200000   
-0.679691 	 -1.073400 	 0.393709 	 32.250000   
-0.679719 	 -1.086858 	 0.407139 	 32.300000   
-0.679749 	 -1.101745 	 0.421996 	 32.350000   
-0.679782 	 -1.118159 	 0.438377 	 32.400000   
-0.679819 	 -1.136212 	 0.456393 	 32.450000   
-0.679859 	 -1.156028 	 0.476170 	 32.500000   
-0.679903 	 -1.177747 	 0.497845 	 32.550000   
-0.679951 	 -1.201523 	 0.521572 	 32.600000   
-0.680005 	 -1.227526 	 0.547521 	 32.650000   
-0.680065 	 -1.255944 	 0.575879 	 32.700000   
-0.680133 	 -1.286978 	 0.606845 	 32.750000   
-0.680209 	 -1.320845 	 0.640636 	 32.800000   
-0.680297 	 -1.357769 	 0.677472 	 32.850000   
-0.680397 	 -1.397976 	 0.717579 	 32.900000   
-0.680515 	 -1.441682 	 0.761167 	 32.950000   
-0.680654 	 -1.489068 	 0.808414 	 33.000000   
-0.680821 	 -1.540254 	 0.859432 	 33.050000   
-0.681023 	 -1.595248 	 0.914225 	 33.100000   
-0.681269 	 -1.653886 	 0.972617 	 33.150000   
-0.681570 	 -1.715739 	 1.034169 	 33.200000   
-0.681937 	 -1.780005 	 1.098068 	 33.250000   
-0.682376 	 -1.845380 	 1.163004 	 33.300000   
-0.682886 	 -1.909943 	 1.227056 	 33.350000   
-0.683453 	 -1.971089 	 1.287636 	 33.400000   
-0.684034 	 -2.025590 	 1.341556 	 33.450000   
-0.684566 	 -2.069849 	 1.385283 	 33.500000   
-0.684967 	 -2.100384 	 1.415418 	 33.550000   
-0.685159 	 -2.114471 	 1.429312 	 33.600000   
-0.685103 	 -2.110761 	 1.425658 	 33.650000   
-0.684810 	 -2.089615 	 1.404805 	 33.700000   
-0.684338 	 -2.053012 	 1.368674 	 33.750000   
-0.683770 	 -2.004073 	 1.320303 	 33.800000   
-0.683183 	 -1.946398 	 1.263216 	 33.850000   
-0.682632 	 -1.883479 	 1.200847 	 33.900000   
-0.682146 	 -1.818304 	 1.136157 	 33.950000   
-0.681735 	 -1.753192 	 1.071457 	 34.000000   
-0.681395 	 -1.689798 	 1.008403 	 34.050000   
-0.681116 	 -1.629201 	 0.948085 	 34.100000   
-0.680888 	 -1.572036 	 0.891148 	 34.150000   
-0.680701 	 -1.518609 	 0.837908 	 34.200000   
-0.680546 	 -1.469004 	 0.788458 	 34.250000   
-0.680416 	 -1.423159 	 0.742743 	 34.300000   
-0.680306 	 -1.380925 	 0.700619 	 34.350000   
-0.680211 	 -1.342103 	 0.661892 	 34.400000   
-0.680129 	 -1.306472 	 0.626342 	 34.450000   
-0.680057 	 -1.273803 	 0.593746 	 34.500000   
-0.679994 	 -1.243877 	 0.563884 	 34.550000   
-0.679937 	 -1.216482 	 0.536545 	 34.600000   
-0.679886 	 -1.191422 	 0.511536 	 34.650000   
-0.679840 	 -1.168517 	 0.488676 	 34.700000   
-0.679799 	 -1.147603 	 0.467804 	 34.750000   
-0.679762 	 -1.128532 	 0.448770 	 34.800000   
-0.679728 	 -1.111171 	 0.431444 	 34.850000   
-0.679697 	 -1.095402 	 0.415705 	 34.900000   
-0.679669 	 -1.081118 	 0.401449 	 34.950000   
-0.679643 	 -1.068224 	 0.388581 	 35.000000   
-0.679620 	 -1.056639 	 0.377019 	 35.050000   
-0.679599 	 -1.046288 	 0.366689 	 35.100000   
-0.679580 	 -1.037107 	 0.357527 	 35.150000   
-0.679563 	 -1.029040 	 0.349477 	 35.200000   
-0.679548 	 -1.022039 	 0.342491 	 35.250000   
-0.679535 	 -1.016063 	 0.336528 	 35.300000   
-0.679524 	 -1.011076 	 0.331552 	 35.350000   
-0.679514 	 -1.007049 	 0.327536 	 35.400000   
-0.679505 	 -1.003961 	 0.324455 	 35.450000   
-0.679499 	 -1.001793 	 0.322294 	 35.500000   
-0.679494 	 -1.000533 	 0.321039 	 35.550000   
-0.679490 	 -1.000174 	 0.320684 	 35.600000   
-0.679488 	 -1.000714 	 0.321226 	 35.650000   
-0.679488 	 -1.002157 	 0.322669 	 35.700000   
-0.679489 	 -1.004510 	 0.325021 	 35.750000   
-0.679491 	 -1.007786 	 0.328294 	 35.800000   
-0.679496 	 -1.012004 	 0.332508 	 35.850000   
-0.679502 	 -1.017188 	 0.337687 	 35.900000   
-0.679509 	 -1.023369 	 0.343859 	 35.950000   
-0.679519 	 -1.030581 	 0.351062 	 36.000000   
-0.679530 	 -1.038869 	 0.359338 	 36.050000   
-0.679544 	 -1.048281 	 0.368737 	 36.100000   
-0.679559 	 -1.058876 	 0.379317 	 36.150000   
-0.679577 	 -1.070719 	 0.391142 	 36.200000   
-0.679597 	 -1.083886 	 0.404289 	 36.250000   
-0.679620 	 -1.098462 	 0.418842 	 36.300000   
-0.679645 	 -1.114544 	 0.434898 	 36.350000   
-0.679674 	 -1.132239 	 0.452565 	 36.400000   
-0.679707 	 -1.151671 	 0.471964 	 36.450000   
-0.679743 	 -1.172975 	 0.493231 	 36.500000   
-0.679785 	 -1.196301 	 0.516516 	 36.550000   
-0.679831 	 -1.221817 	 0.541986 	 36.600000   
-0.679884 	 -1.249707 	 0.569823 	 36.650000   
-0.679944 	 -1.280169 	 0.600225 	 36.700000   
-0.680013 	 -1.313417 	 0.633404 	 36.750000   
-0.680094 	 -1.349675 	 0.669581 	 36.800000   
-0.680187 	 -1.389168 	 0.708981 	 36.850000   
-0.680298 	 -1.432116 	 0.751818 	 36.900000   
-0.680430 	 -1.478709 	 0.798279 	 36.950000   
-0.680590 	 -1.529084 	 0.848495 	 37.000000   
-0.680784 	 -1.583279 	 0.902494 	 37.050000   
-0.681023 	 -1.641170 	 0.960147 	 37.100000   
-0.681316 	 -1.702394 	 1.021078 	 37.150000   
-0.681676 	 -1.766239 	 1.084563 	 37.200000   
-0.682110 	 -1.831517 	 1.149407 	 37.250000   
-0.682622 	 -1.896446 	 1.213825 	 37.300000   
-0.683197 	 -1.958567 	 1.275370 	 37.350000   
-0.683804 	 -2.014770 	 1.330967 	 37.400000   
-0.684380 	 -2.061504 	 1.377124 	 37.450000   
-0.684846 	 -2.095210 	 1.410365 	 37.500000   
-0.685120 	 -2.112950 	 1.427830 	 37.550000   
-0.685151 	 -2.113040 	 1.427889 	 37.600000   
-0.684937 	 -2.095473 	 1.410536 	 37.650000   
-0.684527 	 -2.061915 	 1.377387 	 37.700000   
-0.684000 	 -2.015295 	 1.331295 	 37.750000   
-0.683435 	 -1.959170 	 1.275735 	 37.800000   
-0.682893 	 -1.897092 	 1.214200 	 37.850000   
-0.682407 	 -1.832178 	 1.149771 	 37.900000   
-0.681991 	 -1.766894 	 1.084902 	 37.950000   
-0.681645 	 -1.703028 	 1.021383 	 38.000000   
-0.681359 	 -1.641773 	 0.960414 	 38.050000   
-0.681125 	 -1.583846 	 0.902722 	 38.100000   
-0.680931 	 -1.529614 	 0.848684 	 38.150000   
-0.680769 	 -1.479201 	 0.798432 	 38.200000   
-0.680632 	 -1.432570 	 0.751938 	 38.250000   
-0.680515 	 -1.389586 	 0.709071 	 38.300000   
-0.680414 	 -1.350060 	 0.669646 	 38.350000   
-0.680325 	 -1.313771 	 0.633446 	 38.400000   
-0.680246 	 -1.280494 	 0.600248 	 38.450000   
-0.680175 	 -1.250005 	 0.569829 	 38.500000   
-0.680111 	 -1.222090 	 0.541979 	 38.550000   
-0.680053 	 -1.196551 	 0.516498 	 38.600000   
-0.680000 	 -1.173203 	 0.493203 	 38.650000   
-0.679951 	 -1.151881 	 0.471929 	 38.700000   
-0.679907 	 -1.132431 	 0.452524 	 38.750000   
-0.679865 	 -1.114718 	 0.434853 	 38.800000   
-0.679827 	 -1.098621 	 0.418794 	 38.850000   
-0.679791 	 -1.084030 	 0.404239 	 38.900000   
-0.679758 	 -1.070849 	 0.391091 	 38.950000   
-0.679728 	 -1.058993 	 0.379266 	 39.000000   
-0.679699 	 -1.048386 	 0.368687 	 39.050000   
-0.679673 	 -1.038963 	 0.359290 	 39.100000   
-0.679648 	 -1.030664 	 0.351016 	 39.150000   
-0.679626 	 -1.023441 	 0.343815 	 39.200000   
-0.679605 	 -1.017251 	 0.337646 	 39.250000   
-0.679586 	 -1.012057 	 0.332471 	 39.300000   
-0.679569 	 -1.007829 	 0.328260 	 39.350000   
-0.679553 	 -1.004543 	 0.324991 	 39.400000   
-0.679538 	 -1.002182 	 0.322643 	 39.450000   
-0.679526 	 -1.000730 	 0.321205 	 39.500000   
-0.679514 	 -1.000181 	 0.320667 	 39.550000   
-0.679504 	 -1.000531 	 0.321026 	 39.600000   
-0.679496 	 -1.001782 	 0.322286 	 39.650000   
-0.679489 	 -1.003941 	 0.324451 	 39.700000   
-0.679484 	 -1.007020 	 0.327536 	 39.750000   
-0.679480 	 -1.011037 	 0.331557 	 39.800000   
-0.679478 	 -1.016014 	 0.336536 	 39.850000   
-0.679478 	 -1.021981 	 0.342503 	 39.900000   
-0.679479 	 -1.028972 	 0.349493 	 39.950000   
-0.679482 	 -1.037028 	 0.357546 	 40.000000   
-0.679487 	 -1.046197 	 0.366710 	 40.050000   
-0.679493 	 -1.056536 	 0.377043 	 40.100000   
-0.679502 	 -1.068109 	 0.388607 	 40.150000   
-0.679514 	 -1.080989 	 0.401475 	 40.200000   
-0.679527 	 -1.095259 	 0.415731 	 40.250000   
-0.679544 	 -1.111013 	 0.431469 	 40.300000   
-0.679564 	 -1.128358 	 0.448794 	 40.350000   
-0.679587 	 -1.147411 	 0.467824 	 40.400000   
-0.679613 	 -1.168306 	 0.488692 	 40.450000   
-0.679645 	 -1.191190 	 0.511545 	 40.500000   
-0.679681 	 -1.216228 	 0.536546 	 40.550000   
-0.679724 	 -1.243598 	 0.563875 	 40.600000   
-0.679774 	 -1.273498 	 0.593725 	 40.650000   
-0.679832 	 -1.306137 	 0.626305 	 40.700000   
-0.679901 	 -1.341738 	 0.661837 	 40.750000   
-0.679983 	 -1.380526 	 0.700543 	 40.800000   
-0.680082 	 -1.422724 	 0.742642 	 40.850000   
-0.680202 	 -1.468531 	 0.788329 	 40.900000   
-0.680349 	 -1.518096 	 0.837748 	 40.950000   
-0.680529 	 -1.571483 	 0.890954 	 41.000000   
-0.680753 	 -1.628610 	 0.947857 	 41.050000   
-0.681032 	 -1.689171 	 1.008140 	 41.100000   
-0.681376 	 -1.752538 	 1.071162 	 41.150000   
-0.681797 	 -1.817635 	 1.135838 	 41.200000   
-0.682299 	 -1.882815 	 1.200517 	 41.250000   
-0.682873 	 -1.945765 	 1.262892 	 41.300000   
-0.683492 	 -2.003502 	 1.320010 	 41.350000   
-0.684100 	 -2.052540 	 1.368440 	 41.400000   
-0.684621 	 -2.089278 	 1.404657 	 41.450000   
-0.684970 	 -2.110587 	 1.425617 	 41.500000   
-0.685086 	 -2.114475 	 1.429389 	 41.550000   
-0.684954 	 -2.100562 	 1.415608 	 41.600000   
-0.684612 	 -2.070183 	 1.385571 	 41.650000   
-0.684135 	 -2.026049 	 1.341915 	 41.700000   
-0.683601 	 -1.971638 	 1.288037 	 41.750000   
-0.683076 	 -1.910548 	 1.227472 	 41.800000   
-0.682599 	 -1.846012 	 1.163413 	 41.850000   
-0.682187 	 -1.780640 	 1.098453 	 41.900000   
-0.681841 	 -1.716361 	 1.034520 	 41.950000   
-0.681556 	 -1.654484 	 0.972927 	 42.000000   
-0.681321 	 -1.595815 	 0.914493 	 42.050000   
-0.681127 	 -1.540786 	 0.859659 	 42.100000   
-0.680965 	 -1.489565 	 0.808600 	 42.150000   
-0.680827 	 -1.442143 	 0.761316 	 42.200000   
-0.680709 	 -1.398403 	 0.717695 	 42.250000   
-0.680605 	 -1.358163 	 0.677558 	 42.300000   
-0.680514 	 -1.321209 	 0.640695 	 42.350000   
-0.680432 	 -1.287314 	 0.606881 	 42.400000   
-0.680359 	 -1.256253 	 0.575894 	 42.450000   
-0.680291 	 -1.227811 	 0.547519 	 42.500000   
-0.680230 	 -1.201785 	 0.521555 	 42.550000   
-0.680172 	 -1.177988 	 0.497815 	 42.600000   
-0.680120 	 -1.156249 	 0.476130 	 42.650000   
-0.680070 	 -1.136415 	 0.456345 	 42.700000   
-0.680024 	 -1.118345 	 0.438321 	 42.750000   
-0.679981 	 -1.101915 	 0.421935 	 42.800000   
-0.679940 	 -1.087014 	 0.407074 	 42.850000   
-0.679902 	 -1.073542 	 0.393641 	 42.900000   
-0.679866 	 -1.061412 	 0.381547 	 42.950000   
-0.679832 	 -1.050547 	 0.370715 	 43.000000   
-0.679800 	 -1.040878 	 0.361078 	 43.050000   
-0.679769 	 -1.032345 	 0.352576 	 43.100000   
-0.679741 	 -1.024899 	 0.345158 	 43.150000   
-0.679714 	 -1.018493 	 0.338779 	 43.200000   
-0.679689 	 -1.013090 	 0.333401 	 43.250000   
-0.679665 	 -1.008660 	 0.328995 	 43.300000   
-0.679643 	 -1.005177 	 0.325534 	 43.350000   
-0.679622 	 -1.002621 	 0.322999 	 43.400000   
-0.679603 	 -1.000978 	 0.321375 	 43.450000   
-0.679585 	 -1.000238 	 0.320654 	 43.500000   
-0.679568 	 -1.000398 	 0.320830 	 43.550000   
-0.679553 	 -1.001458 	 0.321905 	 43.600000   
-0.679539 	 -1.003424 	 0.323885 	 43.650000   
-0.679526 	 -1.006307 	 0.326781 	 43.700000   
-0.679515 	 -1.010124 	 0.330610 	 43.750000   
-0.679505 	 -1.014896 	 0.335392 	 43.800000   
-0.679497 	 -1.020651 	 0.341155 	 43.850000   
-0.679490 	 -1.027422 	 0.347933 	 43.900000   
-0.679484 	 -1.035249 	 0.355765 	 43.950000   
-0.679481 	 -1.044179 	 0.364698 	 44.000000   
-0.679479 	 -1.054266 	 0.374787 	 44.050000   
-0.679479 	 -1.065572 	 0.386093 	 44.100000   
-0.679481 	 -1.078169 	 0.398688 	 44.150000   
-0.679486 	 -1.092138 	 0.412653 	 44.200000   
-0.679492 	 -1.107570 	 0.428078 	 44.250000   
-0.679502 	 -1.124569 	 0.445067 	 44.300000   
-0.679515 	 -1.143251 	 0.463736 	 44.350000   
-0.679531 	 -1.163745 	 0.484214 	 44.400000   
-0.679551 	 -1.186195 	 0.506644 	 44.450000   
-0.679576 	 -1.210763 	 0.531188 	 44.500000   
-0.679606 	 -1.237625 	 0.558019 	 44.550000   
-0.679644 	 -1.266973 	 0.587330 	 44.600000   
-0.679689 	 -1.299015 	 0.619326 	 44.650000   
-0.679744 	 -1.333970 	 0.654226 	 44.700000   
-0.679812 	 -1.372065 	 0.692253 	 44.750000   
-0.679895 	 -1.413524 	 0.733629 	 44.800000   
-0.679999 	 -1.458552 	 0.778553 	 44.850000   
-0.680127 	 -1.507312 	 0.827185 	 44.900000   
-0.680289 	 -1.559890 	 0.879601 	 44.950000   
-0.680493 	 -1.616239 	 0.935746 	 45.000000   
-0.680750 	 -1.676110 	 0.995361 	 45.050000   
-0.681071 	 -1.738952 	 1.057881 	 45.100000   
-0.681469 	 -1.803793 	 1.122324 	 45.150000   
-0.681951 	 -1.869117 	 1.187166 	 45.200000   
-0.682511 	 -1.932756 	 1.250245 	 45.250000   
-0.683129 	 -1.991863 	 1.308734 	 45.300000   
-0.683754 	 -2.043034 	 1.359280 	 45.350000   
-0.684315 	 -2.082648 	 1.398334 	 45.400000   
-0.684726 	 -2.107425 	 1.422699 	 45.450000   
-0.684918 	 -2.115080 	 1.430162 	 45.500000   
-0.684865 	 -2.104873 	 1.420007 	 45.550000   
-0.684593 	 -2.077788 	 1.393195 	 45.600000   
-0.684168 	 -2.036293 	 1.352125 	 45.650000   
-0.683670 	 -1.983757 	 1.300086 	 45.700000   
-0.683168 	 -1.923800 	 1.240632 	 45.750000   
-0.682705 	 -1.859760 	 1.177055 	 45.800000   
-0.682302 	 -1.794390 	 1.112088 	 45.850000   
-0.681964 	 -1.729759 	 1.047795 	 45.900000   
-0.681685 	 -1.667299 	 0.985614 	 45.950000   
-0.681456 	 -1.607911 	 0.926456 	 46.000000   
-0.681267 	 -1.552097 	 0.870830 	 46.050000   
-0.681109 	 -1.500071 	 0.818962 	 46.100000   
-0.680976 	 -1.451857 	 0.770882 	 46.150000   
-0.680861 	 -1.407356 	 0.726495 	 46.200000   
-0.680761 	 -1.366396 	 0.685635 	 46.250000   
-0.680672 	 -1.328767 	 0.648095 	 46.300000   
-0.680592 	 -1.294246 	 0.613654 	 46.350000   
-0.680520 	 -1.262606 	 0.582086 	 46.400000   
-0.680453 	 -1.233629 	 0.553175 	 46.450000   
-0.680392 	 -1.207109 	 0.526717 	 46.500000   
-0.680335 	 -1.182857 	 0.502522 	 46.550000   
-0.680281 	 -1.160697 	 0.480416 	 46.600000   
-0.680230 	 -1.140473 	 0.460243 	 46.650000   
-0.680183 	 -1.122042 	 0.441859 	 46.700000   
-0.680138 	 -1.105275 	 0.425138 	 46.750000   
-0.680095 	 -1.090060 	 0.409965 	 46.800000   
-0.680054 	 -1.076294 	 0.396240 	 46.850000   
-0.680015 	 -1.063887 	 0.383872 	 46.900000   
-0.679978 	 -1.052761 	 0.372782 	 46.950000   
-0.679943 	 -1.042844 	 0.362901 	 47.000000   
-0.679910 	 -1.034076 	 0.354166 	 47.050000   
-0.679877 	 -1.026404 	 0.346526 	 47.100000   
-0.679847 	 -1.019781 	 0.339935 	 47.150000   
-0.679818 	 -1.014170 	 0.334352 	 47.200000   
-0.679790 	 -1.009537 	 0.329747 	 47.250000   
-0.679763 	 -1.005856 	 0.326093 	 47.300000   
-0.679737 	 -1.003105 	 0.323368 	 47.350000   
-0.679713 	 -1.001270 	 0.321557 	 47.400000   
-0.679690 	 -1.000340 	 0.320650 	 47.450000   
-0.679668 	 -1.000310 	 0.320642 	 47.500000   
-0.679647 	 -1.001180 	 0.321532 	 47.550000   
-0.679628 	 -1.002954 	 0.323326 	 47.600000   
-0.679609 	 -1.005643 	 0.326033 	 47.650000   
-0.679592 	 -1.009261 	 0.329669 	 47.700000   
-0.679576 	 -1.013829 	 0.334253 	 47.750000   
-0.679561 	 -1.019374 	 0.339813 	 47.800000   
-0.679548 	 -1.025928 	 0.346381 	 47.850000   
-0.679535 	 -1.033529 	 0.353994 	 47.900000   
-0.679524 	 -1.042222 	 0.362698 	 47.950000   
-0.679515 	 -1.052060 	 0.372545 	 48.000000   
-0.679507 	 -1.063104 	 0.383597 	 48.050000   
-0.679501 	 -1.075422 	 0.395921 	 48.100000   
-0.679496 	 -1.089095 	 0.409598 	 48.150000   
-0.679494 	 -1.104210 	 0.424716 	 48.200000   
-0.679494 	 -1.120870 	 0.441376 	 48.250000   
-0.679497 	 -1.139186 	 0.459689 	 48.300000   
-0.679503 	 -1.159287 	 0.479784 	 48.350000   
-0.679512 	 -1.181312 	 0.501801 	 48.400000   
-0.679525 	 -1.205420 	 0.525895 	 48.450000   
-0.679543 	 -1.231783 	 0.552240 	 48.500000   
-0.679567 	 -1.260590 	 0.581023 	 48.550000   
-0.679599 	 -1.292046 	 0.612447 	 48.600000   
-0.679639 	 -1.326368 	 0.646729 	 48.650000   
-0.679691 	 -1.363782 	 0.684091 	 48.700000   
-0.679757 	 -1.404513 	 0.724756 	 48.750000   
-0.679842 	 -1.448772 	 0.768931 	 48.800000   
-0.679950 	 -1.496734 	 0.816784 	 48.850000   
-0.680089 	 -1.548504 	 0.868414 	 48.900000   
-0.680269 	 -1.604068 	 0.923800 	 48.950000   
-0.680498 	 -1.663228 	 0.982729 	 49.000000   
-0.680791 	 -1.725503 	 1.044712 	 49.050000   
-0.681159 	 -1.790023 	 1.108864 	 49.100000   
-0.681611 	 -1.855395 	 1.173784 	 49.150000   
-0.682147 	 -1.919594 	 1.237448 	 49.200000   
-0.682749 	 -1.979914 	 1.297165 	 49.250000   
-0.683377 	 -2.033048 	 1.349671 	 49.300000   
-0.683961 	 -2.075381 	 1.391420 	 49.350000   
-0.684419 	 -2.103508 	 1.419089 	 49.400000   
-0.684675 	 -2.114884 	 1.430209 	 49.450000   
-0.684693 	 -2.108413 	 1.423720 	 49.500000   
-0.684485 	 -2.084723 	 1.400237 	 49.550000   
-0.684112 	 -2.046007 	 1.361895 	 49.600000   
-0.683651 	 -1.995502 	 1.311851 	 49.650000   
-0.683172 	 -1.936823 	 1.253651 	 49.700000   
-0.682725 	 -1.873401 	 1.190676 	 49.750000   
-0.682334 	 -1.808125 	 1.125791 	 49.800000   
-0.682006 	 -1.743208 	 1.061202 	 49.850000   
-0.681736 	 -1.680207 	 0.998471 	 49.900000   
-0.681516 	 -1.620125 	 0.938609 	 49.950000   
-0.681337 	 -1.563538 	 0.882201 	 50.000000   
-0.681188 	 -1.510711 	 0.829523 	 50.050000   
-0.681063 	 -1.461704 	 0.780640 	 50.100000   
-0.680957 	 -1.416436 	 0.735479 	 50.150000   
-0.680864 	 -1.374749 	 0.693885 	 50.200000   
-0.680782 	 -1.336440 	 0.655657 	 50.250000   
-0.680708 	 -1.301285 	 0.620576 	 50.300000   
-0.680641 	 -1.269058 	 0.588416 	 50.350000   
-0.680579 	 -1.239538 	 0.558959 	 50.400000   
-0.680522 	 -1.212518 	 0.531996 	 50.450000   
-0.680468 	 -1.187804 	 0.507336 	 50.500000   
-0.680417 	 -1.165218 	 0.484801 	 50.550000   
-0.680369 	 -1.144599 	 0.464230 	 50.600000   
-0.680323 	 -1.125801 	 0.445478 	 50.650000   
-0.680279 	 -1.108694 	 0.428415 	 50.700000   
-0.680238 	 -1.093161 	 0.412923 	 50.750000   
-0.680198 	 -1.079098 	 0.398900 	 50.800000   
-0.680159 	 -1.066412 	 0.386252 	 50.850000   
-0.680122 	 -1.055021 	 0.374899 	 50.900000   
-0.680087 	 -1.044855 	 0.364769 	 50.950000   
-0.680052 	 -1.035850 	 0.355798 	 51.000000   
-0.680019 	 -1.027951 	 0.347932 	 51.050000   
-0.679987 	 -1.021111 	 0.341123 	 51.100000   
-0.679957 	 -1.015289 	 0.335332 	 51.150000   
-0.679927 	 -1.010452 	 0.330525 	 51.200000   
-0.679898 	 -1.006572 	 0.326674 	 51.250000   
-0.679871 	 -1.003627 	 0.323756 	 51.300000   
-0.679844 	 -1.001600 	 0.321756 	 51.350000   
-0.679818 	 -1.000480 	 0.320662 	 51.400000   
-0.679793 	 -1.000260 	 0.320467 	 51.450000   
-0.679769 	 -1.000940 	 0.321171 	 51.500000   
-0.679746 	 -1.002523 	 0.322777 	 51.550000   
-0.679724 	 -1.005018 	 0.325294 	 51.600000   
-0.679703 	 -1.008439 	 0.328736 	 51.650000   
-0.679683 	 -1.012805 	 0.333123 	 51.700000   
-0.679663 	 -1.018142 	 0.338479 	 51.750000   
-0.679645 	 -1.024480 	 0.344836 	 51.800000   
-0.679627 	 -1.031857 	 0.352230 	 51.850000   
-0.679611 	 -1.040316 	 0.360705 	 51.900000   
-0.679596 	 -1.049908 	 0.370313 	 51.950000   
-0.679582 	 -1.060693 	 0.381111 	 52.000000   
-0.679569 	 -1.072737 	 0.393168 	 52.050000   
-0.679558 	 -1.086118 	 0.406560 	 52.100000   
-0.679548 	 -1.100922 	 0.421374 	 52.150000   
-0.679540 	 -1.117247 	 0.437707 	 52.200000   
-0.679534 	 -1.135205 	 0.455671 	 52.250000   
-0.679531 	 -1.154919 	 0.475388 	 52.300000   
-0.679530 	 -1.176528 	 0.496997 	 52.350000   
-0.679533 	 -1.200184 	 0.520650 	 52.400000   
-0.679540 	 -1.226057 	 0.546517 	 52.450000   
-0.679552 	 -1.254333 	 0.574782 	 52.500000   
-0.679570 	 -1.285215 	 0.605645 	 52.550000   
-0.679596 	 -1.318915 	 0.639319 	 52.600000   
-0.679632 	 -1.355660 	 0.676028 	 52.650000   
-0.679681 	 -1.395675 	 0.715995 	 52.700000   
-0.679746 	 -1.439176 	 0.759430 	 52.750000   
-0.679834 	 -1.486347 	 0.806514 	 52.800000   
-0.679949 	 -1.537312 	 0.857363 	 52.850000   
-0.680102 	 -1.592087 	 0.911985 	 52.900000   
-0.680302 	 -1.650517 	 0.970215 	 52.950000   
-0.680562 	 -1.712193 	 1.031631 	 53.000000   
-0.680894 	 -1.776334 	 1.095440 	 53.050000   
-0.681310 	 -1.841669 	 1.160359 	 53.100000   
-0.681812 	 -1.906313 	 1.224501 	 53.150000   
-0.682388 	 -1.967700 	 1.285313 	 53.200000   
-0.683002 	 -2.022635 	 1.339633 	 53.250000   
-0.683594 	 -2.067532 	 1.383938 	 53.300000   
-0.684082 	 -2.098890 	 1.414808 	 53.350000   
-0.684388 	 -2.113929 	 1.429541 	 53.400000   
-0.684464 	 -2.111212 	 1.426748 	 53.450000   
-0.684313 	 -2.091004 	 1.406691 	 53.500000   
-0.683986 	 -2.055204 	 1.371218 	 53.550000   
-0.683557 	 -2.006882 	 1.323325 	 53.600000   
-0.683100 	 -1.949626 	 1.266526 	 53.650000   
-0.682667 	 -1.886944 	 1.204277 	 53.700000   
-0.682287 	 -1.821855 	 1.139568 	 53.750000   
-0.681969 	 -1.756717 	 1.074748 	 53.800000   
-0.681709 	 -1.693218 	 1.011509 	 53.850000   
-0.681500 	 -1.632466 	 0.950966 	 53.900000   
-0.681331 	 -1.575117 	 0.893786 	 53.950000   
-0.681194 	 -1.521493 	 0.840299 	 54.000000   
-0.681081 	 -1.471688 	 0.790607 	 54.050000   
-0.680986 	 -1.425648 	 0.744663 	 54.100000   
-0.680903 	 -1.383227 	 0.702324 	 54.150000   
-0.680831 	 -1.344228 	 0.663396 	 54.200000   
-0.680767 	 -1.308430 	 0.627663 	 54.250000   
-0.680709 	 -1.275608 	 0.594899 	 54.300000   
-0.680655 	 -1.245539 	 0.564884 	 54.350000   
-0.680604 	 -1.218011 	 0.537407 	 54.400000   
-0.680557 	 -1.192828 	 0.512271 	 54.450000   
-0.680512 	 -1.169809 	 0.489297 	 54.500000   
-0.680470 	 -1.148790 	 0.468320 	 54.550000   
-0.680429 	 -1.129621 	 0.449192 	 54.600000   
-0.680390 	 -1.112169 	 0.431780 	 54.650000   
-0.680352 	 -1.096315 	 0.415963 	 54.700000   
-0.680316 	 -1.081951 	 0.401635 	 54.750000   
-0.680280 	 -1.068982 	 0.388702 	 54.800000   
-0.680246 	 -1.057326 	 0.377080 	 54.850000   
-0.680213 	 -1.046908 	 0.366695 	 54.900000   
-0.680181 	 -1.037663 	 0.357482 	 54.950000   
-0.680150 	 -1.029536 	 0.349386 	 55.000000   
-0.680120 	 -1.022476 	 0.342356 	 55.050000   
-0.680090 	 -1.016443 	 0.336353 	 55.100000   
-0.680062 	 -1.011402 	 0.331340 	 55.150000   
-0.680034 	 -1.007322 	 0.327288 	 55.200000   
-0.680006 	 -1.004182 	 0.324175 	 55.250000   
-0.679980 	 -1.001962 	 0.321982 	 55.300000   
-0.679954 	 -1.000652 	 0.320698 	 55.350000   
-0.679929 	 -1.000243 	 0.320314 	 55.400000   
-0.679904 	 -1.000733 	 0.320829 	 55.450000   
-0.679881 	 -1.002125 	 0.322245 	 55.500000   
-0.679857 	 -1.004427 	 0.324570 	 55.550000   
-0.679835 	 -1.007651 	 0.327817 	 55.600000   
-0.679813 	 -1.011817 	 0.332004 	 55.650000   
-0.679791 	 -1.016947 	 0.337156 	 55.700000   
-0.679771 	 -1.023071 	 0.343301 	 55.750000   
-0.679751 	 -1.030226 	 0.350475 	 55.800000   
-0.679731 	 -1.038453 	 0.358722 	 55.850000   
-0.679713 	 -1.047802 	 0.368089 	 55.900000   
-0.679695 	 -1.058330 	 0.378635 	 55.950000   
-0.679678 	 -1.070103 	 0.390425 	 56.000000   
-0.679663 	 -1.083196 	 0.403533 	 56.050000   
-0.679648 	 -1.097693 	 0.418045 	 56.100000   
-0.679635 	 -1.113690 	 0.434055 	 56.150000   
-0.679623 	 -1.131294 	 0.451671 	 56.200000   
-0.679613 	 -1.150628 	 0.471015 	 56.250000   
-0.679605 	 -1.171826 	 0.492221 	 56.300000   
-0.679600 	 -1.195038 	 0.515438 	 56.350000   
-0.679598 	 -1.220430 	 0.540833 	 56.400000   
-0.679600 	 -1.248186 	 0.568586 	 56.450000   
-0.679607 	 -1.278502 	 0.598895 	 56.500000   
-0.679621 	 -1.311593 	 0.631972 	 56.550000   
-0.679643 	 -1.347680 	 0.668036 	 56.600000   
-0.679676 	 -1.386990 	 0.707313 	 56.650000   
-0.679724 	 -1.429742 	 0.750018 	 56.700000   
-0.679792 	 -1.476130 	 0.796338 	 56.750000   
-0.679885 	 -1.526293 	 0.846409 	 56.800000   
-0.680011 	 -1.580275 	 0.900264 	 56.850000   
-0.680181 	 -1.637964 	 0.957783 	 56.900000   
-0.680407 	 -1.699011 	 1.018603 	 56.950000   
-0.680702 	 -1.762724 	 1.082021 	 57.000000   
-0.681078 	 -1.827945 	 1.146867 	 57.050000   
-0.681539 	 -1.892927 	 1.211388 	 57.100000   
-0.682080 	 -1.955248 	 1.273169 	 57.150000   
-0.682670 	 -2.011831 	 1.329162 	 57.200000   
-0.683254 	 -2.059141 	 1.375887 	 57.250000   
-0.683756 	 -2.093609 	 1.409853 	 57.300000   
-0.684095 	 -2.112247 	 1.428152 	 57.350000   
-0.684217 	 -2.113295 	 1.429078 	 57.400000   
-0.684111 	 -2.096650 	 1.412539 	 57.450000   
-0.683821 	 -2.063896 	 1.380075 	 57.500000   
-0.683418 	 -2.017909 	 1.334491 	 57.550000   
-0.682977 	 -1.962224 	 1.279248 	 57.600000   
-0.682552 	 -1.900407 	 1.217854 	 57.650000   
-0.682178 	 -1.835601 	 1.153423 	 57.700000   
-0.681866 	 -1.770309 	 1.088443 	 57.750000   
-0.681614 	 -1.706354 	 1.024740 	 57.800000   
-0.681414 	 -1.644956 	 0.963542 	 57.850000   
-0.681255 	 -1.586855 	 0.905600 	 57.900000   
-0.681130 	 -1.532434 	 0.851304 	 57.950000   
-0.681028 	 -1.481828 	 0.800799 	 58.000000   
-0.680945 	 -1.435007 	 0.754062 	 58.050000   
-0.680875 	 -1.391841 	 0.710966 	 58.100000   
-0.680815 	 -1.352142 	 0.671327 	 58.150000   
-0.680761 	 -1.315691 	 0.634930 	 58.200000   
-0.680713 	 -1.282264 	 0.601550 	 58.250000   
-0.680670 	 -1.251635 	 0.570965 	 58.300000   
-0.680629 	 -1.223591 	 0.542962 	 58.350000   
-0.680591 	 -1.197932 	 0.517341 	 58.400000   
-0.680554 	 -1.174474 	 0.493919 	 58.450000   
-0.680519 	 -1.153048 	 0.472528 	 58.500000   
-0.680486 	 -1.133503 	 0.453016 	 58.550000   
-0.680454 	 -1.115701 	 0.435247 	 58.600000   
-0.680423 	 -1.099520 	 0.419098 	 58.650000   
-0.680392 	 -1.084852 	 0.404460 	 58.700000   
-0.680363 	 -1.071598 	 0.391235 	 58.750000   
-0.680334 	 -1.059673 	 0.379339 	 58.800000   
-0.680306 	 -1.049000 	 0.368694 	 58.850000   
-0.680279 	 -1.039514 	 0.359236 	 58.900000   
-0.680252 	 -1.031156 	 0.350905 	 58.950000   
-0.680226 	 -1.023876 	 0.343651 	 59.000000   
-0.680200 	 -1.017631 	 0.337431 	 59.050000   
-0.680175 	 -1.012383 	 0.332208 	 59.100000   
-0.680150 	 -1.008103 	 0.327953 	 59.150000   
-0.680126 	 -1.004767 	 0.324641 	 59.200000   
-0.680102 	 -1.002355 	 0.322253 	 59.250000   
-0.680079 	 -1.000854 	 0.320775 	 59.300000   
-0.680056 	 -1.000256 	 0.320200 	 59.350000   
-0.680033 	 -1.000556 	 0.320523 	 59.400000   
-0.680011 	 -1.001758 	 0.321747 	 59.450000   
-0.679989 	 -1.003867 	 0.323878 	 59.500000   
-0.679968 	 -1.006896 	 0.326928 	 59.550000   
-0.679947 	 -1.010861 	 0.330914 	 59.600000   
-0.679926 	 -1.015785 	 0.335859 	 59.650000   
-0.679906 	 -1.021698 	 0.341791 	 59.700000   
-0.679886 	 -1.028632 	 0.348745 	 59.750000   
-0.679867 	 -1.036629 	 0.356762 	 59.800000   
-0.679848 	 -1.045737 	 0.365889 	 59.850000   
-0.679830 	 -1.056011 	 0.376182 	 59.900000   
-0.679812 	 -1.067516 	 0.387704 	 59.950000   
-0.679795 	 -1.080324 	 0.400529 	 60.000000   
-0.679778 	 -1.094517 	 0.414739 	 60.050000   
-0.679762 	 -1.110190 	 0.430427 	 60.100000   
-0.679748 	 -1.127446 	 0.447698 	 60.150000   
-0.679734 	 -1.146405 	 0.466671 	 60.200000   
-0.679722 	 -1.167198 	 0.487476 	 60.250000   
-0.679712 	 -1.189973 	 0.510261 	 60.300000   
-0.679705 	 -1.214892 	 0.535188 	 60.350000   
-0.679700 	 -1.242135 	 0.562434 	 60.400000   
-0.679700 	 -1.271896 	 0.592196 	 60.450000   
-0.679705 	 -1.304385 	 0.624680 	 60.500000   
-0.679717 	 -1.339823 	 0.660106 	 60.550000   
-0.679738 	 -1.378437 	 0.698699 	 60.600000   
-0.679772 	 -1.420450 	 0.740678 	 60.650000   
-0.679823 	 -1.466061 	 0.786238 	 60.700000   
-0.679896 	 -1.515425 	 0.835529 	 60.750000   
-0.680000 	 -1.568610 	 0.888611 	 60.800000   
-0.680143 	 -1.625543 	 0.945400 	 60.850000   
-0.680337 	 -1.685933 	 1.005596 	 60.900000   
-0.680596 	 -1.749170 	 1.068575 	 60.950000   
-0.680931 	 -1.814206 	 1.133275 	 61.000000   
-0.681350 	 -1.879425 	 1.198075 	 61.050000   
-0.681850 	 -1.942551 	 1.260701 	 61.100000   
-0.682408 	 -2.000633 	 1.318226 	 61.150000   
-0.682974 	 -2.050206 	 1.367232 	 61.200000   
-0.683477 	 -2.087659 	 1.404182 	 61.250000   
-0.683836 	 -2.109827 	 1.425991 	 61.300000   
-0.683990 	 -2.114642 	 1.430653 	 61.350000   
-0.683919 	 -2.101637 	 1.417718 	 61.400000   
-0.683657 	 -2.072060 	 1.388403 	 61.450000   
-0.683270 	 -2.028565 	 1.345295 	 61.500000   
-0.682835 	 -1.974606 	 1.291772 	 61.550000   
-0.682411 	 -1.913788 	 1.231377 	 61.600000   
-0.682035 	 -1.849370 	 1.167335 	 61.650000   
-0.681723 	 -1.783998 	 1.102275 	 61.700000   
-0.681472 	 -1.719634 	 1.038162 	 61.750000   
-0.681277 	 -1.657617 	 0.976340 	 61.800000   
-0.681125 	 -1.598776 	 0.917650 	 61.850000   
-0.681009 	 -1.543559 	 0.862550 	 61.900000   
-0.680917 	 -1.492146 	 0.811228 	 61.950000   
-0.680845 	 -1.444535 	 0.763690 	 62.000000   
-0.680786 	 -1.400613 	 0.719827 	 62.050000   
-0.680737 	 -1.360201 	 0.679464 	 62.100000   
-0.680695 	 -1.323086 	 0.642391 	 62.150000   
-0.680658 	 -1.289041 	 0.608383 	 62.200000   
-0.680625 	 -1.257842 	 0.577217 	 62.250000   
-0.680595 	 -1.229272 	 0.548677 	 62.300000   
-0.680566 	 -1.203128 	 0.522561 	 62.350000   
-0.680540 	 -1.179222 	 0.498682 	 62.400000   
-0.680514 	 -1.157382 	 0.476868 	 62.450000   
-0.680489 	 -1.137454 	 0.456964 	 62.500000   
-0.680466 	 -1.119297 	 0.438831 	 62.550000   
-0.680442 	 -1.102786 	 0.422343 	 62.600000   
-0.680420 	 -1.087808 	 0.407389 	 62.650000   
-0.680398 	 -1.074265 	 0.393867 	 62.700000   
-0.680376 	 -1.062068 	 0.381692 	 62.750000   
-0.680355 	 -1.051138 	 0.370783 	 62.800000   
-0.680334 	 -1.041408 	 0.361074 	 62.850000   
-0.680313 	 -1.032818 	 0.352505 	 62.900000   
-0.680293 	 -1.025315 	 0.345022 	 62.950000   
-0.680273 	 -1.018855 	 0.338582 	 63.000000   
-0.680253 	 -1.013401 	 0.333147 	 63.050000   
-0.680234 	 -1.008920 	 0.328686 	 63.100000   
-0.680215 	 -1.005387 	 0.325172 	 63.150000   
-0.680196 	 -1.002781 	 0.322586 	 63.200000   
-0.680177 	 -1.001089 	 0.320912 	 63.250000   
-0.680158 	 -1.000301 	 0.320143 	 63.300000   
-0.680140 	 -1.000412 	 0.320272 	 63.350000   
-0.680122 	 -1.001424 	 0.321302 	 63.400000   
-0.680104 	 -1.003340 	 0.323236 	 63.450000   
-0.680086 	 -1.006174 	 0.326087 	 63.500000   
-0.680069 	 -1.009940 	 0.329871 	 63.550000   
-0.680052 	 -1.014659 	 0.334608 	 63.600000   
-0.680034 	 -1.020360 	 0.340326 	 63.650000   
-0.680017 	 -1.027075 	 0.347058 	 63.700000   
-0.680001 	 -1.034844 	 0.354843 	 63.750000   
-0.679984 	 -1.043712 	 0.363728 	 63.800000   
-0.679968 	 -1.053735 	 0.373768 	 63.850000   
-0.679952 	 -1.064974 	 0.385023 	 63.900000   
-0.679936 	 -1.077500 	 0.397564 	 63.950000   
-0.679921 	 -1.091393 	 0.411472 	 64.000000   
-0.679906 	 -1.106744 	 0.426838 	 64.050000   
-0.679892 	 -1.123656 	 0.443765 	 64.100000   
-0.679878 	 -1.142245 	 0.462367 	 64.150000   
-0.679866 	 -1.162639 	 0.482773 	 64.200000   
-0.679855 	 -1.184982 	 0.505128 	 64.250000   
-0.679845 	 -1.209434 	 0.529589 	 64.300000   
-0.679838 	 -1.236170 	 0.556332 	 64.350000   
-0.679834 	 -1.265382 	 0.585548 	 64.400000   
-0.679835 	 -1.297277 	 0.617443 	 64.450000   
-0.679841 	 -1.332075 	 0.652234 	 64.500000   
-0.679855 	 -1.370000 	 0.690146 	 64.550000   
-0.679879 	 -1.411279 	 0.731400 	 64.600000   
-0.679918 	 -1.456118 	 0.776200 	 64.650000   
-0.679977 	 -1.504683 	 0.824706 	 64.700000   
-0.680062 	 -1.557065 	 0.877003 	 64.750000   
-0.680182 	 -1.613226 	 0.933044 	 64.800000   
-0.680349 	 -1.672931 	 0.992581 	 64.850000   
-0.680576 	 -1.735645 	 1.055069 	 64.900000   
-0.680874 	 -1.800423 	 1.119549 	 64.950000   
-0.681252 	 -1.865780 	 1.184528 	 65.000000   
-0.681711 	 -1.929583 	 1.247872 	 65.050000   
-0.682233 	 -1.989018 	 1.306785 	 65.100000   
-0.682774 	 -2.040702 	 1.357928 	 65.150000   
-0.683269 	 -2.081013 	 1.397744 	 65.200000   
-0.683638 	 -2.106634 	 1.422996 	 65.250000   
-0.683813 	 -2.115213 	 1.431400 	 65.300000   
-0.683767 	 -2.105920 	 1.422153 	 65.350000   
-0.683523 	 -2.079654 	 1.396130 	 65.400000   
-0.683145 	 -2.038817 	 1.355672 	 65.450000   
-0.682707 	 -1.986752 	 1.304045 	 65.500000   
-0.682274 	 -1.927081 	 1.244806 	 65.550000   
-0.681888 	 -1.863167 	 1.181279 	 65.600000   
-0.681566 	 -1.797799 	 1.116233 	 65.650000   
-0.681310 	 -1.733082 	 1.051772 	 65.700000   
-0.681112 	 -1.670476 	 0.989365 	 65.750000   
-0.680962 	 -1.610909 	 0.929948 	 65.800000   
-0.680849 	 -1.554899 	 0.874050 	 65.850000   
-0.680764 	 -1.502674 	 0.821910 	 65.900000   
-0.680699 	 -1.454263 	 0.773564 	 65.950000   
-0.680649 	 -1.409573 	 0.728924 	 66.000000   
-0.680610 	 -1.368435 	 0.687825 	 66.050000   
-0.680577 	 -1.330641 	 0.650063 	 66.100000   
-0.680551 	 -1.295965 	 0.615415 	 66.150000   
-0.680527 	 -1.264183 	 0.583656 	 66.200000   
-0.680507 	 -1.235075 	 0.554569 	 66.250000   
-0.680488 	 -1.208435 	 0.527947 	 66.300000   
-0.680471 	 -1.184072 	 0.503601 	 66.350000   
-0.680455 	 -1.161810 	 0.481355 	 66.400000   
-0.680439 	 -1.141491 	 0.461052 	 66.450000   
-0.680424 	 -1.122972 	 0.442548 	 66.500000   
-0.680409 	 -1.106124 	 0.425714 	 66.550000   
-0.680395 	 -1.090832 	 0.410437 	 66.600000   
-0.680381 	 -1.076994 	 0.396613 	 66.650000   
-0.680367 	 -1.064521 	 0.384153 	 66.700000   
-0.680354 	 -1.053330 	 0.372977 	 66.750000   
-0.680340 	 -1.043353 	 0.363013 	 66.800000   
-0.680327 	 -1.034528 	 0.354201 	 66.850000   
-0.680314 	 -1.026800 	 0.346486 	 66.900000   
-0.680301 	 -1.020124 	 0.339824 	 66.950000   
-0.680288 	 -1.014461 	 0.334173 	 67.000000   
-0.680275 	 -1.009777 	 0.329502 	 67.050000   
-0.680262 	 -1.006046 	 0.325784 	 67.100000   
-0.680249 	 -1.003247 	 0.322998 	 67.150000   
-0.680237 	 -1.001364 	 0.321127 	 67.200000   
-0.680224 	 -1.000386 	 0.320161 	 67.250000   
-0.680212 	 -1.000307 	 0.320095 	 67.300000   
-0.680200 	 -1.001128 	 0.320928 	 67.350000   
-0.680188 	 -1.002853 	 0.322665 	 67.400000   
-0.680175 	 -1.005491 	 0.325316 	 67.450000   
-0.680163 	 -1.009059 	 0.328895 	 67.500000   
-0.680151 	 -1.013574 	 0.333423 	 67.550000   
-0.680139 	 -1.019065 	 0.338926 	 67.600000   
-0.680127 	 -1.025562 	 0.345435 	 67.650000   
-0.680116 	 -1.033104 	 0.352988 	 67.700000   
-0.680104 	 -1.041735 	 0.361632 	 67.750000   
-0.680092 	 -1.051509 	 0.371417 	 67.800000   
-0.680080 	 -1.062484 	 0.382403 	 67.850000   
-0.680069 	 -1.074730 	 0.394661 	 67.900000   
-0.680058 	 -1.088326 	 0.408268 	 67.950000   
-0.680047 	 -1.103360 	 0.423313 	 68.000000   
-0.680036 	 -1.119931 	 0.439895 	 68.050000   
-0.680026 	 -1.138154 	 0.458128 	 68.100000   
-0.680017 	 -1.158153 	 0.478137 	 68.150000   
-0.680008 	 -1.180070 	 0.500062 	 68.200000   
-0.680001 	 -1.204060 	 0.524059 	 68.250000   
-0.679995 	 -1.230296 	 0.550301 	 68.300000   
-0.679992 	 -1.258966 	 0.578974 	 68.350000   
-0.679992 	 -1.290274 	 0.610282 	 68.400000   
-0.679997 	 -1.324437 	 0.644440 	 68.450000   
-0.680009 	 -1.361681 	 0.681672 	 68.500000   
-0.680029 	 -1.402231 	 0.722202 	 68.550000   
-0.680062 	 -1.446300 	 0.766238 	 68.600000   
-0.680112 	 -1.494065 	 0.813953 	 68.650000   
-0.680185 	 -1.545637 	 0.865452 	 68.700000   
-0.680290 	 -1.601012 	 0.920722 	 68.750000   
-0.680436 	 -1.660001 	 0.979565 	 68.800000   
-0.680636 	 -1.722144 	 1.041507 	 68.850000   
-0.680903 	 -1.786594 	 1.105691 	 68.900000   
-0.681246 	 -1.851990 	 1.170744 	 68.950000   
-0.681668 	 -1.916343 	 1.234675 	 69.000000   
-0.682154 	 -1.976979 	 1.294824 	 69.050000   
-0.682670 	 -2.030617 	 1.347947 	 69.100000   
-0.683152 	 -2.073645 	 1.390493 	 69.150000   
-0.683523 	 -2.102626 	 1.419103 	 69.200000   
-0.683713 	 -2.114950 	 1.431237 	 69.250000   
-0.683685 	 -2.109430 	 1.425745 	 69.300000   
-0.683454 	 -2.086604 	 1.403150 	 69.350000   
-0.683076 	 -2.048594 	 1.365518 	 69.400000   
-0.682628 	 -1.998599 	 1.315972 	 69.450000   
-0.682177 	 -1.940237 	 1.258060 	 69.500000   
-0.681770 	 -1.876959 	 1.195189 	 69.550000   
-0.681428 	 -1.811692 	 1.130263 	 69.600000   
-0.681157 	 -1.746686 	 1.065529 	 69.650000   
-0.680948 	 -1.683533 	 1.002584 	 69.700000   
-0.680792 	 -1.623260 	 0.942468 	 69.750000   
-0.680677 	 -1.566464 	 0.885787 	 69.800000   
-0.680592 	 -1.513423 	 0.832831 	 69.850000   
-0.680530 	 -1.464205 	 0.783675 	 69.900000   
-0.680485 	 -1.418735 	 0.738251 	 69.950000   
-0.680451 	 -1.376858 	 0.696408 	 70.000000   
-0.680425 	 -1.338372 	 0.657947 	 70.050000   
-0.680405 	 -1.303053 	 0.622648 	 70.100000   
-0.680390 	 -1.270675 	 0.590285 	 70.150000   
-0.680377 	 -1.241017 	 0.560640 	 70.200000   
-0.680366 	 -1.213870 	 0.533503 	 70.250000   
-0.680357 	 -1.189038 	 0.508681 	 70.300000   
-0.680349 	 -1.166345 	 0.485996 	 70.350000   
-0.680341 	 -1.145627 	 0.465285 	 70.400000   
-0.680334 	 -1.126737 	 0.446403 	 70.450000   
-0.680328 	 -1.109545 	 0.429218 	 70.500000   
-0.680321 	 -1.093933 	 0.413612 	 70.550000   
-0.680315 	 -1.079796 	 0.399481 	 70.600000   
-0.680309 	 -1.067041 	 0.386732 	 70.650000   
-0.680302 	 -1.055585 	 0.375283 	 70.700000   
-0.680296 	 -1.045357 	 0.365061 	 70.750000   
-0.680291 	 -1.036293 	 0.356003 	 70.800000   
-0.680285 	 -1.028338 	 0.348053 	 70.850000   
-0.680279 	 -1.021443 	 0.341165 	 70.900000   
-0.680273 	 -1.015570 	 0.335297 	 70.950000   
-0.680267 	 -1.010682 	 0.330415 	 71.000000   
-0.680262 	 -1.006752 	 0.326490 	 71.050000   
-0.680256 	 -1.003758 	 0.323502 	 71.100000   
-0.680250 	 -1.001682 	 0.321432 	 71.150000   
-0.680245 	 -1.000514 	 0.320269 	 71.200000   
-0.680239 	 -1.000246 	 0.320007 	 71.250000   
-0.680233 	 -1.000877 	 0.320644 	 71.300000   
-0.680228 	 -1.002410 	 0.322183 	 71.350000   
-0.680222 	 -1.004855 	 0.324633 	 71.400000   
-0.680217 	 -1.008225 	 0.328008 	 71.450000   
-0.680211 	 -1.012538 	 0.332327 	 71.500000   
-0.680206 	 -1.017820 	 0.337614 	 71.550000   
-0.680201 	 -1.024101 	 0.343901 	 71.600000   
-0.680195 	 -1.031419 	 0.351224 	 71.650000   
-0.680190 	 -1.039815 	 0.359626 	 71.700000   
-0.680185 	 -1.049342 	 0.369158 	 71.750000   
-0.680179 	 -1.060058 	 0.379878 	 71.800000   
-0.680174 	 -1.072028 	 0.391854 	 71.850000   
-0.680169 	 -1.085331 	 0.405162 	 71.900000   
-0.680165 	 -1.100052 	 0.419887 	 71.950000   
-0.680160 	 -1.116288 	 0.436128 	 72.000000   
-0.680156 	 -1.134150 	 0.453994 	 72.050000   
-0.680152 	 -1.153761 	 0.473609 	 72.100000   
-0.680149 	 -1.175258 	 0.495109 	 72.150000   
-0.680148 	 -1.198794 	 0.518647 	 72.200000   
-0.680147 	 -1.224538 	 0.544391 	 72.250000   
-0.680149 	 -1.252674 	 0.572526 	 72.300000   
-0.680153 	 -1.283404 	 0.603251 	 72.350000   
-0.680161 	 -1.316942 	 0.636781 	 72.400000   
-0.680175 	 -1.353512 	 0.673337 	 72.450000   
-0.680197 	 -1.393341 	 0.713144 	 72.500000   
-0.680229 	 -1.436645 	 0.756416 	 72.550000   
-0.680277 	 -1.483613 	 0.803336 	 72.600000   
-0.680345 	 -1.534372 	 0.854027 	 72.650000   
-0.680441 	 -1.588946 	 0.908505 	 72.700000   
-0.680575 	 -1.647194 	 0.966620 	 72.750000   
-0.680757 	 -1.708723 	 1.027965 	 72.800000   
-0.681001 	 -1.772777 	 1.091775 	 72.850000   
-0.681317 	 -1.838115 	 1.156798 	 72.900000   
-0.681708 	 -1.902889 	 1.221181 	 72.950000   
-0.682165 	 -1.964570 	 1.282405 	 73.000000   
-0.682656 	 -2.019991 	 1.337335 	 73.050000   
-0.683126 	 -2.065575 	 1.382448 	 73.100000   
-0.683499 	 -2.097795 	 1.414296 	 73.150000   
-0.683702 	 -2.113811 	 1.430109 	 73.200000   
-0.683691 	 -2.112094 	 1.428404 	 73.250000   
-0.683469 	 -2.092814 	 1.409345 	 73.300000   
-0.683088 	 -2.057787 	 1.374699 	 73.350000   
-0.682623 	 -2.010039 	 1.327416 	 73.400000   
-0.682147 	 -1.953151 	 1.271004 	 73.450000   
-0.681711 	 -1.890650 	 1.208939 	 73.500000   
-0.681342 	 -1.825593 	 1.144251 	 73.550000   
-0.681046 	 -1.760377 	 1.079331 	 73.600000   
-0.680818 	 -1.696726 	 1.015908 	 73.650000   
-0.680647 	 -1.635779 	 0.955132 	 73.700000   
-0.680521 	 -1.578211 	 0.897689 	 73.750000   
-0.680430 	 -1.524360 	 0.843930 	 73.800000   
-0.680365 	 -1.474332 	 0.793967 	 73.850000   
-0.680318 	 -1.428076 	 0.747758 	 73.900000   
-0.680285 	 -1.385452 	 0.705167 	 73.950000   
-0.680262 	 -1.346263 	 0.666001 	 74.000000   
-0.680245 	 -1.310290 	 0.630045 	 74.050000   
-0.680234 	 -1.277306 	 0.597073 	 74.100000   
-0.680225 	 -1.247088 	 0.566863 	 74.150000   
-0.680220 	 -1.219424 	 0.539205 	 74.200000   
-0.680216 	 -1.194117 	 0.513901 	 74.250000   
-0.680213 	 -1.170983 	 0.490770 	 74.300000   
-0.680211 	 -1.149858 	 0.469647 	 74.350000   
-0.680210 	 -1.130592 	 0.450382 	 74.400000   
-0.680210 	 -1.113050 	 0.432840 	 74.450000   
-0.680210 	 -1.097112 	 0.416902 	 74.500000   
-0.680210 	 -1.082670 	 0.402461 	 74.550000   
-0.680210 	 -1.069629 	 0.389420 	 74.600000   
-0.680210 	 -1.057905 	 0.377695 	 74.650000   
-0.680210 	 -1.047422 	 0.367212 	 74.700000   
-0.680211 	 -1.038117 	 0.357906 	 74.750000   
-0.680211 	 -1.029931 	 0.349720 	 74.800000   
-0.680212 	 -1.022816 	 0.342604 	 74.850000   
-0.680213 	 -1.016729 	 0.336516 	 74.900000   
-0.680214 	 -1.011636 	 0.331422 	 74.950000   
-0.680214 	 -1.007506 	 0.327291 	 75.000000   
-0.680215 	 -1.004316 	 0.324100 	 75.050000   
-0.680216 	 -1.002047 	 0.321831 	 75.100000   
-0.680217 	 -1.000688 	 0.320471 	 75.150000   
-0.680218 	 -1.000231 	 0.320012 	 75.200000   
-0.680220 	 -1.000672 	 0.320453 	 75.250000   
-0.680221 	 -1.002015 	 0.321794 	 75.300000   
-0.680222 	 -1.004267 	 0.324044 	 75.350000   
-0.680224 	 -1.007440 	 0.327216 	 75.400000   
-0.680225 	 -1.011552 	 0.331327 	 75.450000   
-0.680227 	 -1.016628 	 0.336401 	 75.500000   
-0.680228 	 -1.022696 	 0.342467 	 75.550000   
-0.680230 	 -1.029791 	 0.349561 	 75.600000   
-0.680232 	 -1.037956 	 0.357724 	 75.650000   
-0.680234 	 -1.047240 	 0.367006 	 75.700000   
-0.680236 	 -1.057699 	 0.377463 	 75.750000   
-0.680239 	 -1.069399 	 0.389160 	 75.800000   
-0.680241 	 -1.082413 	 0.402172 	 75.850000   
-0.680244 	 -1.096826 	 0.416582 	 75.900000   
-0.680247 	 -1.112733 	 0.432486 	 75.950000   
-0.680251 	 -1.130242 	 0.449991 	 76.000000   
-0.680255 	 -1.149471 	 0.469216 	 76.050000   
-0.680260 	 -1.170557 	 0.490297 	 76.100000   
-0.680266 	 -1.193647 	 0.513381 	 76.150000   
-0.680274 	 -1.218908 	 0.538635 	 76.200000   
-0.680283 	 -1.246521 	 0.566238 	 76.250000   
-0.680295 	 -1.276683 	 0.596388 	 76.300000   
-0.680310 	 -1.309606 	 0.629296 	 76.350000   
-0.680331 	 -1.345514 	 0.665183 	 76.400000   
-0.680358 	 -1.384631 	 0.704273 	 76.450000   
-0.680395 	 -1.427180 	 0.746785 	 76.500000   
-0.680446 	 -1.473355 	 0.792910 	 76.550000   
-0.680515 	 -1.523301 	 0.842786 	 76.600000   
-0.680610 	 -1.577068 	 0.896458 	 76.650000   
-0.680738 	 -1.634555 	 0.953817 	 76.700000   
-0.680912 	 -1.695431 	 1.014519 	 76.750000   
-0.681142 	 -1.759028 	 1.077886 	 76.800000   
-0.681439 	 -1.824218 	 1.142779 	 76.850000   
-0.681809 	 -1.889291 	 1.207482 	 76.900000   
-0.682244 	 -1.951864 	 1.269620 	 76.950000   
-0.682718 	 -2.008892 	 1.326174 	 77.000000   
-0.683180 	 -2.056858 	 1.373678 	 77.050000   
-0.683558 	 -2.092175 	 1.408617 	 77.100000   
-0.683776 	 -2.111802 	 1.428026 	 77.150000   
-0.683782 	 -2.113890 	 1.430107 	 77.200000   
-0.683572 	 -2.098235 	 1.414662 	 77.250000   
-0.683190 	 -2.066330 	 1.383141 	 77.300000   
-0.682708 	 -2.020996 	 1.338288 	 77.350000   
-0.682203 	 -1.965750 	 1.283547 	 77.400000   
-0.681732 	 -1.904172 	 1.222439 	 77.450000   
-0.681327 	 -1.839440 	 1.158113 	 77.500000   
-0.680999 	 -1.774099 	 1.093100 	 77.550000   
-0.680743 	 -1.710009 	 1.029265 	 77.600000   
-0.680550 	 -1.648422 	 0.967873 	 77.650000   
-0.680407 	 -1.590104 	 0.909697 	 77.700000   
-0.680302 	 -1.535453 	 0.855151 	 77.750000   
-0.680227 	 -1.484616 	 0.804389 	 77.800000   
-0.680174 	 -1.437572 	 0.757399 	 77.850000   
-0.680136 	 -1.394194 	 0.714058 	 77.900000   
-0.680109 	 -1.354296 	 0.674186 	 77.950000   
-0.680091 	 -1.317660 	 0.637569 	 78.000000   
-0.680079 	 -1.284062 	 0.603983 	 78.050000   
-0.680072 	 -1.253276 	 0.573204 	 78.100000   
-0.680067 	 -1.225088 	 0.545021 	 78.150000   
-0.680065 	 -1.199296 	 0.519231 	 78.200000   
-0.680065 	 -1.175716 	 0.495651 	 78.250000   
-0.680066 	 -1.154178 	 0.474112 	 78.300000   
-0.680068 	 -1.134530 	 0.454462 	 78.350000   
-0.680071 	 -1.116633 	 0.436562 	 78.400000   
-0.680075 	 -1.100364 	 0.420289 	 78.450000   
-0.680079 	 -1.085613 	 0.405535 	 78.500000   
-0.680083 	 -1.072283 	 0.392200 	 78.550000   
-0.680088 	 -1.060286 	 0.380198 	 78.600000   
-0.680093 	 -1.049546 	 0.369453 	 78.650000   
-0.680098 	 -1.039996 	 0.359898 	 78.700000   
-0.680103 	 -1.031578 	 0.351474 	 78.750000   
-0.680109 	 -1.024240 	 0.344131 	 78.800000   
-0.680115 	 -1.017938 	 0.337824 	 78.850000   
-0.680121 	 -1.012638 	 0.332517 	 78.900000   
-0.680127 	 -1.008306 	 0.328179 	 78.950000   
-0.680133 	 -1.004919 	 0.324786 	 79.000000   
-0.680140 	 -1.002457 	 0.322318 	 79.050000   
-0.680147 	 -1.000907 	 0.320761 	 79.100000   
-0.680153 	 -1.000260 	 0.320106 	 79.150000   
-0.680161 	 -1.000512 	 0.320351 	 79.200000   
-0.680168 	 -1.001664 	 0.321496 	 79.250000   
-0.680175 	 -1.003723 	 0.323548 	 79.300000   
-0.680183 	 -1.006701 	 0.326518 	 79.350000   
-0.680191 	 -1.010614 	 0.330423 	 79.400000   
-0.680199 	 -1.015485 	 0.335286 	 79.450000   
-0.680208 	 -1.021341 	 0.341133 	 79.500000   
-0.680216 	 -1.028217 	 0.348001 	 79.550000   
-0.680225 	 -1.036153 	 0.355928 	 79.600000   
-0.680235 	 -1.045197 	 0.364962 	 79.650000   
-0.680244 	 -1.055404 	 0.375159 	 79.700000   
-0.680254 	 -1.066836 	 0.386582 	 79.750000   
-0.680265 	 -1.079567 	 0.399303 	 79.800000   
-0.680276 	 -1.093678 	 0.413403 	 79.850000   
-0.680287 	 -1.109262 	 0.428975 	 79.900000   
-0.680299 	 -1.126424 	 0.446125 	 79.950000   
-0.680312 	 -1.145280 	 0.464968 	 80.000000   
-0.680326 	 -1.165962 	 0.485636 	 80.050000   
-0.680341 	 -1.188616 	 0.508275 	 80.100000   
-0.680358 	 -1.213404 	 0.533046 	 80.150000   
-0.680377 	 -1.240505 	 0.560128 	 80.200000   
-0.680398 	 -1.270111 	 0.589712 	 80.250000   
-0.680423 	 -1.302432 	 0.622009 	 80.300000   
-0.680453 	 -1.337689 	 0.657236 	 80.350000   
-0.680490 	 -1.376108 	 0.695618 	 80.400000   
-0.680536 	 -1.417913 	 0.737377 	 80.450000   
-0.680594 	 -1.463305 	 0.782710 	 80.500000   
-0.680670 	 -1.512442 	 0.831772 	 80.550000   
-0.680769 	 -1.565399 	 0.884629 	 80.600000   
-0.680900 	 -1.622112 	 0.941212 	 80.650000   
-0.681072 	 -1.682308 	 1.001235 	 80.700000   
-0.681298 	 -1.745397 	 1.064100 	 80.750000   
-0.681586 	 -1.810361 	 1.128775 	 80.800000   
-0.681944 	 -1.875622 	 1.193678 	 80.850000   
-0.682367 	 -1.938942 	 1.256575 	 80.900000   
-0.682832 	 -1.997410 	 1.314578 	 80.950000   
-0.683294 	 -2.047582 	 1.364288 	 81.000000   
-0.683683 	 -2.085843 	 1.402160 	 81.050000   
-0.683922 	 -2.108981 	 1.425058 	 81.100000   
-0.683954 	 -2.114848 	 1.430894 	 81.150000   
-0.683762 	 -2.102873 	 1.419111 	 81.200000   
-0.683382 	 -2.074210 	 1.390827 	 81.250000   
-0.682887 	 -2.031443 	 1.348556 	 81.300000   
-0.682354 	 -1.977999 	 1.295645 	 81.350000   
-0.681846 	 -1.917487 	 1.235642 	 81.400000   
-0.681401 	 -1.853199 	 1.171798 	 81.450000   
-0.681035 	 -1.787820 	 1.106785 	 81.500000   
-0.680745 	 -1.723351 	 1.042606 	 81.550000   
-0.680523 	 -1.661165 	 0.980643 	 81.600000   
-0.680355 	 -1.602119 	 0.921763 	 81.650000   
-0.680231 	 -1.546679 	 0.866447 	 81.700000   
-0.680140 	 -1.495037 	 0.814897 	 81.750000   
-0.680074 	 -1.447203 	 0.767129 	 81.800000   
-0.680025 	 -1.403066 	 0.723041 	 81.850000   
-0.679991 	 -1.362452 	 0.682461 	 81.900000   
-0.679966 	 -1.325147 	 0.645181 	 81.950000   
-0.679949 	 -1.290927 	 0.610977 	 82.000000   
-0.679938 	 -1.259565 	 0.579627 	 82.050000   
-0.679930 	 -1.230846 	 0.550915 	 82.100000   
-0.679926 	 -1.204564 	 0.524637 	 82.150000   
-0.679925 	 -1.180531 	 0.500606 	 82.200000   
-0.679925 	 -1.158575 	 0.478650 	 82.250000   
-0.679927 	 -1.138539 	 0.458612 	 82.300000   
-0.679930 	 -1.120282 	 0.440352 	 82.350000   
-0.679935 	 -1.103679 	 0.423744 	 82.400000   
-0.679940 	 -1.088615 	 0.408676 	 82.450000   
-0.679945 	 -1.074992 	 0.395047 	 82.500000   
-0.679952 	 -1.062720 	 0.382768 	 82.550000   
-0.679959 	 -1.051720 	 0.371761 	 82.600000   
-0.679966 	 -1.041923 	 0.361957 	 82.650000   
-0.679974 	 -1.033270 	 0.353296 	 82.700000   
-0.679982 	 -1.025707 	 0.345725 	 82.750000   
-0.679991 	 -1.019190 	 0.339199 	 82.800000   
-0.680000 	 -1.013681 	 0.333680 	 82.850000   
-0.680010 	 -1.009147 	 0.329137 	 82.900000   
-0.680020 	 -1.005562 	 0.325542 	 82.950000   
-0.680030 	 -1.002906 	 0.322876 	 83.000000   
-0.680041 	 -1.001164 	 0.321124 	 83.050000   
-0.680052 	 -1.000327 	 0.320275 	 83.100000   
-0.680063 	 -1.000389 	 0.320326 	 83.150000   
-0.680075 	 -1.001351 	 0.321277 	 83.200000   
-0.680087 	 -1.003219 	 0.323132 	 83.250000   
-0.680100 	 -1.006002 	 0.325902 	 83.300000   
-0.680113 	 -1.009717 	 0.329604 	 83.350000   
-0.680126 	 -1.014384 	 0.334257 	 83.400000   
-0.680140 	 -1.020030 	 0.339890 	 83.450000   
-0.680155 	 -1.026689 	 0.346534 	 83.500000   
-0.680170 	 -1.034398 	 0.354229 	 83.550000   
-0.680185 	 -1.043205 	 0.363020 	 83.600000   
-0.680201 	 -1.053163 	 0.372961 	 83.650000   
-0.680218 	 -1.064332 	 0.384114 	 83.700000   
-0.680236 	 -1.076784 	 0.396548 	 83.750000   
-0.680254 	 -1.090598 	 0.410344 	 83.800000   
-0.680273 	 -1.105865 	 0.425591 	 83.850000   
-0.680294 	 -1.122686 	 0.442392 	 83.900000   
-0.680315 	 -1.141176 	 0.460861 	 83.950000   
-0.680338 	 -1.161463 	 0.481125 	 84.000000   
-0.680362 	 -1.183690 	 0.503328 	 84.050000   
-0.680388 	 -1.208015 	 0.527627 	 84.100000   
-0.680417 	 -1.234614 	 0.554197 	 84.150000   
-0.680448 	 -1.263676 	 0.583228 	 84.200000   
-0.680484 	 -1.295409 	 0.614924 	 84.250000   
-0.680525 	 -1.330029 	 0.649504 	 84.300000   
-0.680572 	 -1.367764 	 0.687191 	 84.350000   
-0.680629 	 -1.408838 	 0.728208 	 84.400000   
-0.680698 	 -1.453458 	 0.772760 	 84.450000   
-0.680784 	 -1.501796 	 0.821012 	 84.500000   
-0.680892 	 -1.553946 	 0.873054 	 84.550000   
-0.681030 	 -1.609880 	 0.928850 	 84.600000   
-0.681208 	 -1.669375 	 0.988167 	 84.650000   
-0.681435 	 -1.731918 	 1.050483 	 84.700000   
-0.681723 	 -1.796590 	 1.114868 	 84.750000   
-0.682078 	 -1.861942 	 1.179864 	 84.800000   
-0.682498 	 -1.925881 	 1.243383 	 84.850000   
-0.682965 	 -1.985632 	 1.302667 	 84.900000   
-0.683436 	 -2.037842 	 1.354406 	 84.950000   
-0.683845 	 -2.078890 	 1.395045 	 85.000000   
-0.684115 	 -2.105427 	 1.421312 	 85.050000   
-0.684181 	 -2.115031 	 1.430849 	 85.100000   
-0.684018 	 -2.106771 	 1.422753 	 85.150000   
-0.683653 	 -2.081449 	 1.397796 	 85.200000   
-0.683152 	 -2.041390 	 1.358239 	 85.250000   
-0.682595 	 -1.989898 	 1.307303 	 85.300000   
-0.682053 	 -1.930593 	 1.248540 	 85.350000   
-0.681569 	 -1.866863 	 1.185294 	 85.400000   
-0.681162 	 -1.801532 	 1.120370 	 85.450000   
-0.680835 	 -1.736745 	 1.055910 	 85.500000   
-0.680579 	 -1.673998 	 0.993419 	 85.550000   
-0.680383 	 -1.614246 	 0.933863 	 85.600000   
-0.680234 	 -1.558028 	 0.877793 	 85.650000   
-0.680122 	 -1.505584 	 0.825462 	 85.700000   
-0.680038 	 -1.456957 	 0.776919 	 85.750000   
-0.679975 	 -1.412057 	 0.732082 	 85.800000   
-0.679928 	 -1.370720 	 0.690792 	 85.850000   
-0.679892 	 -1.332738 	 0.652846 	 85.900000   
-0.679866 	 -1.297888 	 0.618022 	 85.950000   
-0.679846 	 -1.265944 	 0.586097 	 86.000000   
-0.679832 	 -1.236686 	 0.556854 	 86.050000   
-0.679822 	 -1.209907 	 0.530085 	 86.100000   
-0.679816 	 -1.185416 	 0.505600 	 86.150000   
-0.679812 	 -1.163036 	 0.483224 	 86.200000   
-0.679810 	 -1.142608 	 0.462798 	 86.250000   
-0.679810 	 -1.123987 	 0.444178 	 86.300000   
-0.679811 	 -1.107045 	 0.427234 	 86.350000   
-0.679814 	 -1.091666 	 0.411852 	 86.400000   
-0.679818 	 -1.077747 	 0.397929 	 86.450000   
-0.679823 	 -1.065197 	 0.385374 	 86.500000   
-0.679829 	 -1.053935 	 0.374106 	 86.550000   
-0.679836 	 -1.043890 	 0.364054 	 86.600000   
-0.679844 	 -1.035000 	 0.355156 	 86.650000   
-0.679852 	 -1.027212 	 0.347360 	 86.700000   
-0.679861 	 -1.020478 	 0.340616 	 86.750000   
-0.679871 	 -1.014758 	 0.334888 	 86.800000   
-0.679881 	 -1.010021 	 0.330140 	 86.850000   
-0.679892 	 -1.006238 	 0.326346 	 86.900000   
-0.679904 	 -1.003388 	 0.323484 	 86.950000   
-0.679916 	 -1.001454 	 0.321539 	 87.000000   
-0.679929 	 -1.000427 	 0.320498 	 87.050000   
-0.679942 	 -1.000300 	 0.320358 	 87.100000   
-0.679956 	 -1.001072 	 0.321116 	 87.150000   
-0.679971 	 -1.002748 	 0.322778 	 87.200000   
-0.679986 	 -1.005338 	 0.325351 	 87.250000   
-0.680002 	 -1.008855 	 0.328853 	 87.300000   
-0.680019 	 -1.013319 	 0.333301 	 87.350000   
-0.680036 	 -1.018757 	 0.338721 	 87.400000   
-0.680055 	 -1.025200 	 0.345146 	 87.450000   
-0.680074 	 -1.032685 	 0.352612 	 87.500000   
-0.680094 	 -1.041258 	 0.361164 	 87.550000   
-0.680114 	 -1.050969 	 0.370854 	 87.600000   
-0.680136 	 -1.061878 	 0.381742 	 87.650000   
-0.680159 	 -1.074055 	 0.393896 	 87.700000   
-0.680183 	 -1.087576 	 0.407393 	 87.750000   
-0.680208 	 -1.102530 	 0.422322 	 87.800000   
-0.680235 	 -1.119016 	 0.438781 	 87.850000   
-0.680263 	 -1.137146 	 0.456883 	 87.900000   
-0.680293 	 -1.157045 	 0.476752 	 87.950000   
-0.680325 	 -1.178853 	 0.498527 	 88.000000   
-0.680360 	 -1.202724 	 0.522364 	 88.050000   
-0.680397 	 -1.228831 	 0.548434 	 88.100000   
-0.680438 	 -1.257360 	 0.576922 	 88.150000   
-0.680484 	 -1.288515 	 0.608031 	 88.200000   
-0.680535 	 -1.322512 	 0.641976 	 88.250000   
-0.680593 	 -1.359574 	 0.678981 	 88.300000   
-0.680661 	 -1.399930 	 0.719268 	 88.350000   
-0.680742 	 -1.443791 	 0.763049 	 88.400000   
-0.680839 	 -1.491337 	 0.810498 	 88.450000   
-0.680958 	 -1.542684 	 0.861726 	 88.500000   
-0.681106 	 -1.597834 	 0.916728 	 88.550000   
-0.681292 	 -1.656612 	 0.975320 	 88.600000   
-0.681526 	 -1.718575 	 1.037048 	 88.650000   
-0.681820 	 -1.782899 	 1.101080 	 88.700000   
-0.682179 	 -1.848257 	 1.166078 	 88.750000   
-0.682604 	 -1.912698 	 1.230093 	 88.800000   
-0.683080 	 -1.973586 	 1.290506 	 88.850000   
-0.683568 	 -2.027674 	 1.344105 	 88.900000   
-0.684007 	 -2.071358 	 1.387351 	 88.950000   
-0.684317 	 -2.101180 	 1.416863 	 89.000000   
-0.684430 	 -2.114470 	 1.430040 	 89.050000   
-0.684309 	 -2.109951 	 1.425642 	 89.100000   
-0.683971 	 -2.088063 	 1.404092 	 89.150000   
-0.683477 	 -2.050848 	 1.367371 	 89.200000   
-0.682908 	 -2.001459 	 1.318551 	 89.250000   
-0.682338 	 -1.943502 	 1.261164 	 89.300000   
-0.681817 	 -1.880447 	 1.198630 	 89.350000   
-0.681372 	 -1.815254 	 1.133882 	 89.400000   
-0.681007 	 -1.750211 	 1.069204 	 89.450000   
-0.680717 	 -1.686942 	 1.006225 	 89.500000   
-0.680490 	 -1.626506 	 0.946016 	 89.550000   
-0.680314 	 -1.569519 	 0.889205 	 89.600000   
-0.680179 	 -1.516275 	 0.836097 	 89.650000   
-0.680074 	 -1.466851 	 0.786778 	 89.700000   
-0.679992 	 -1.421181 	 0.741189 	 89.750000   
-0.679929 	 -1.379112 	 0.699183 	 89.800000   
-0.679879 	 -1.340444 	 0.660565 	 89.850000   
-0.679840 	 -1.304956 	 0.625115 	 89.900000   
-0.679809 	 -1.272420 	 0.592610 	 89.950000   
-0.679785 	 -1.242615 	 0.562830 	 90.000000   
-0.679766 	 -1.215332 	 0.535567 	 90.050000   
-0.679751 	 -1.190376 	 0.510625 	 90.100000   
-0.679739 	 -1.167566 	 0.487827 	 90.150000   
-0.679731 	 -1.146740 	 0.467009 	 90.200000   
-0.679725 	 -1.127751 	 0.448026 	 90.250000   
-0.679720 	 -1.110466 	 0.430746 	 90.300000   
-0.679718 	 -1.094767 	 0.415049 	 90.350000   
-0.679718 	 -1.080549 	 0.400831 	 90.400000   
-0.679718 	 -1.067718 	 0.387999 	 90.450000   
-0.679721 	 -1.056191 	 0.376470 	 90.500000   
-0.679724 	 -1.045895 	 0.366171 	 90.550000   
-0.679729 	 -1.036767 	 0.357039 	 90.600000   
-0.679734 	 -1.028751 	 0.349017 	 90.650000   
-0.679741 	 -1.021799 	 0.342058 	 90.700000   
-0.679748 	 -1.015869 	 0.336121 	 90.750000   
-0.679757 	 -1.010927 	 0.331170 	 90.800000   
-0.679766 	 -1.006945 	 0.327179 	 90.850000   
-0.679776 	 -1.003900 	 0.324124 	 90.900000   
-0.679787 	 -1.001775 	 0.321987 	 90.950000   
-0.679799 	 -1.000557 	 0.320758 	 91.000000   
-0.679812 	 -1.000241 	 0.320428 	 91.050000   
-0.679826 	 -1.000823 	 0.320997 	 91.100000   
-0.679841 	 -1.002309 	 0.322468 	 91.150000   
-0.679856 	 -1.004705 	 0.324848 	 91.200000   
-0.679873 	 -1.008025 	 0.328152 	 91.250000   
-0.679890 	 -1.012288 	 0.332398 	 91.300000   
-0.679909 	 -1.017519 	 0.337610 	 91.350000   
-0.679928 	 -1.023747 	 0.343819 	 91.400000   
-0.679949 	 -1.031010 	 0.351061 	 91.450000   
-0.679971 	 -1.039349 	 0.359379 	 91.500000   
-0.679994 	 -1.048816 	 0.368823 	 91.550000   
-0.680018 	 -1.059469 	 0.379451 	 91.600000   
-0.680044 	 -1.071373 	 0.391329 	 91.650000   
-0.680071 	 -1.084604 	 0.404533 	 91.700000   
-0.680100 	 -1.099249 	 0.419150 	 91.750000   
-0.680130 	 -1.115405 	 0.435274 	 91.800000   
-0.680163 	 -1.133180 	 0.453016 	 91.850000   
-0.680198 	 -1.152696 	 0.472498 	 91.900000   
-0.680236 	 -1.174091 	 0.493855 	 91.950000   
-0.680276 	 -1.197516 	 0.517239 	 92.000000   
-0.680320 	 -1.223139 	 0.542818 	 92.050000   
-0.680369 	 -1.251144 	 0.570775 	 92.100000   
-0.680422 	 -1.281730 	 0.601308 	 92.150000   
-0.680482 	 -1.315112 	 0.634631 	 92.200000   
-0.680549 	 -1.351514 	 0.670964 	 92.250000   
-0.680627 	 -1.391160 	 0.710534 	 92.300000   
-0.680717 	 -1.434270 	 0.753553 	 92.350000   
-0.680825 	 -1.481032 	 0.800208 	 92.400000   
-0.680954 	 -1.531578 	 0.850624 	 92.450000   
-0.681113 	 -1.585940 	 0.904827 	 92.500000   
-0.681309 	 -1.643985 	 0.962676 	 92.550000   
-0.681552 	 -1.705336 	 1.023783 	 92.600000   
-0.681854 	 -1.769259 	 1.087405 	 92.650000   
-0.682222 	 -1.834544 	 1.152322 	 92.700000   
-0.682657 	 -1.899377 	 1.216720 	 92.750000   
-0.683147 	 -1.961267 	 1.278119 	 92.800000   
-0.683660 	 -2.017079 	 1.333420 	 92.850000   
-0.684134 	 -2.063253 	 1.379119 	 92.900000   
-0.684495 	 -2.096247 	 1.411752 	 92.950000   
-0.684666 	 -2.113170 	 1.428504 	 93.000000   
-0.684602 	 -2.112414 	 1.427812 	 93.050000   
-0.684307 	 -2.094051 	 1.409744 	 93.100000   
-0.683835 	 -2.059818 	 1.375984 	 93.150000   
-0.683266 	 -2.012689 	 1.329423 	 93.200000   
-0.682678 	 -1.956228 	 1.273549 	 93.250000   
-0.682129 	 -1.893974 	 1.211844 	 93.300000   
-0.681650 	 -1.829013 	 1.147363 	 93.350000   
-0.681251 	 -1.763779 	 1.082528 	 93.400000   
-0.680928 	 -1.700031 	 1.019103 	 93.450000   
-0.680671 	 -1.638934 	 0.958263 	 93.500000   
-0.680468 	 -1.581186 	 0.900718 	 93.550000   
-0.680308 	 -1.527142 	 0.846834 	 93.600000   
-0.680181 	 -1.476916 	 0.796735 	 93.650000   
-0.680080 	 -1.430467 	 0.750387 	 93.700000   
-0.679999 	 -1.387656 	 0.707657 	 93.750000   
-0.679933 	 -1.348290 	 0.668357 	 93.800000   
-0.679879 	 -1.312152 	 0.632273 	 93.850000   
-0.679835 	 -1.279014 	 0.599179 	 93.900000   
-0.679798 	 -1.248653 	 0.568855 	 93.950000   
-0.679767 	 -1.220856 	 0.541089 	 94.000000   
-0.679742 	 -1.195426 	 0.515684 	 94.050000   
-0.679720 	 -1.172179 	 0.492458 	 94.100000   
-0.679702 	 -1.150948 	 0.471246 	 94.150000   
-0.679688 	 -1.131584 	 0.451897 	 94.200000   
-0.679675 	 -1.113951 	 0.434276 	 94.250000   
-0.679666 	 -1.097928 	 0.418262 	 94.300000   
-0.679658 	 -1.083406 	 0.403749 	 94.350000   
-0.679652 	 -1.070290 	 0.390639 	 94.400000   
-0.679648 	 -1.058495 	 0.378848 	 94.450000   
-0.679645 	 -1.047946 	 0.368301 	 94.500000   
-0.679644 	 -1.038577 	 0.358933 	 94.550000   
-0.679644 	 -1.030331 	 0.350687 	 94.600000   
-0.679646 	 -1.023158 	 0.343512 	 94.650000   
-0.679649 	 -1.017016 	 0.337367 	 94.700000   
-0.679653 	 -1.011869 	 0.332216 	 94.750000   
-0.679658 	 -1.007687 	 0.328028 	 94.800000   
-0.679664 	 -1.004446 	 0.324781 	 94.850000   
-0.679672 	 -1.002128 	 0.322456 	 94.900000   
-0.679681 	 -1.000720 	 0.321039 	 94.950000   
-0.679690 	 -1.000213 	 0.320523 	 95.000000   
-0.679701 	 -1.000606 	 0.320905 	 95.050000   
-0.679713 	 -1.001901 	 0.322188 	 95.100000   
-0.679726 	 -1.004104 	 0.324377 	 95.150000   
-0.679741 	 -1.007228 	 0.327487 	 95.200000   
-0.679756 	 -1.011290 	 0.331534 	 95.250000   
-0.679773 	 -1.016315 	 0.336542 	 95.300000   
-0.679791 	 -1.022330 	 0.342539 	 95.350000   
-0.679811 	 -1.029371 	 0.349561 	 95.400000   
-0.679831 	 -1.037480 	 0.357648 	 95.450000   
-0.679854 	 -1.046705 	 0.366851 	 95.500000   
-0.679878 	 -1.057102 	 0.377224 	 95.550000   
-0.679903 	 -1.068736 	 0.388833 	 95.600000   
-0.679931 	 -1.081681 	 0.401750 	 95.650000   
-0.679960 	 -1.096021 	 0.416060 	 95.700000   
-0.679992 	 -1.111849 	 0.431857 	 95.750000   
-0.680026 	 -1.129273 	 0.449247 	 95.800000   
-0.680063 	 -1.148412 	 0.468349 	 95.850000   
-0.680103 	 -1.169400 	 0.489297 	 95.900000   
-0.680146 	 -1.192384 	 0.512237 	 95.950000   
-0.680194 	 -1.217530 	 0.537336 	 96.000000   
-0.680246 	 -1.245017 	 0.564771 	 96.050000   
-0.680304 	 -1.275044 	 0.594740 	 96.100000   
-0.680369 	 -1.307820 	 0.627451 	 96.150000   
-0.680442 	 -1.343568 	 0.663126 	 96.200000   
-0.680526 	 -1.382514 	 0.701989 	 96.250000   
-0.680624 	 -1.424880 	 0.744257 	 96.300000   
-0.680739 	 -1.470863 	 0.790124 	 96.350000   
-0.680876 	 -1.520609 	 0.839733 	 96.400000   
-0.681043 	 -1.574175 	 0.893133 	 96.450000   
-0.681247 	 -1.631472 	 0.950225 	 96.500000   
-0.681499 	 -1.692180 	 1.010681 	 96.550000   
-0.681809 	 -1.755651 	 1.073843 	 96.600000   
-0.682185 	 -1.820786 	 1.138601 	 96.650000   
-0.682632 	 -1.885907 	 1.203275 	 96.700000   
-0.683139 	 -1.948668 	 1.265528 	 96.750000   
-0.683678 	 -2.006056 	 1.322378 	 96.800000   
-0.684194 	 -2.054572 	 1.370378 	 96.850000   
-0.684611 	 -2.090621 	 1.406009 	 96.900000   
-0.684850 	 -2.111117 	 1.426267 	 96.950000   
-0.684855 	 -2.114137 	 1.429281 	 97.000000   
-0.684619 	 -2.099386 	 1.414767 	 97.050000   
-0.684187 	 -2.068275 	 1.384088 	 97.100000   
-0.683634 	 -2.023568 	 1.339933 	 97.150000   
-0.683043 	 -1.968760 	 1.285717 	 97.200000   
-0.682476 	 -1.907440 	 1.224964 	 97.250000   
-0.681972 	 -1.842816 	 1.160844 	 97.300000   
-0.681545 	 -1.777464 	 1.095920 	 97.350000   
-0.681193 	 -1.713281 	 1.032088 	 97.400000   
-0.680909 	 -1.651549 	 0.970639 	 97.450000   
-0.680682 	 -1.593052 	 0.912370 	 97.500000   
-0.680499 	 -1.538208 	 0.857709 	 97.550000   
-0.680352 	 -1.487174 	 0.806823 	 97.600000   
-0.680232 	 -1.439936 	 0.759705 	 97.650000   
-0.680133 	 -1.396372 	 0.716239 	 97.700000   
-0.680051 	 -1.356297 	 0.676246 	 97.750000   
-0.679982 	 -1.319496 	 0.639514 	 97.800000   
-0.679924 	 -1.285744 	 0.605820 	 97.850000   
-0.679874 	 -1.254815 	 0.574941 	 97.900000   
-0.679831 	 -1.226495 	 0.546664 	 97.950000   
-0.679793 	 -1.200581 	 0.520788 	 98.000000   
-0.679761 	 -1.176888 	 0.497127 	 98.050000   
-0.679732 	 -1.155246 	 0.475513 	 98.100000   
-0.679707 	 -1.135500 	 0.455792 	 98.150000   
-0.679686 	 -1.117512 	 0.437827 	 98.200000   
-0.679666 	 -1.101159 	 0.421493 	 98.250000   
-0.679650 	 -1.086329 	 0.406679 	 98.300000   
-0.679636 	 -1.072924 	 0.393289 	 98.350000   
-0.679623 	 -1.060857 	 0.381234 	 98.400000   
-0.679613 	 -1.050051 	 0.370438 	 98.450000   
-0.679604 	 -1.040438 	 0.360834 	 98.500000   
-0.679597 	 -1.031960 	 0.352362 	 98.550000   
-0.679592 	 -1.024564 	 0.344972 	 98.600000   
-0.679588 	 -1.018208 	 0.338620 	 98.650000   
-0.679586 	 -1.012853 	 0.333267 	 98.700000   
-0.679585 	 -1.008470 	 0.328885 	 98.750000   
-0.679585 	 -1.005032 	 0.325447 	 98.800000   
-0.679587 	 -1.002520 	 0.322933 	 98.850000   
-0.679590 	 -1.000921 	 0.321331 	 98.900000   
-0.679595 	 -1.000225 	 0.320630 	 98.950000   
-0.679600 	 -1.000428 	 0.320828 	 99.000000   
-0.679607 	 -1.001532 	 0.321924 	 99.050000   
-0.679616 	 -1.003542 	 0.323926 	 99.100000   
-0.679625 	 -1.006470 	 0.326845 	 99.150000   
-0.679636 	 -1.010333 	 0.330696 	 99.200000   
-0.679649 	 -1.015152 	 0.335503 	 99.250000   
-0.679663 	 -1.020955 	 0.341292 	 99.300000   
-0.679678 	 -1.027776 	 0.348097 	 99.350000   
-0.679696 	 -1.035655 	 0.355959 	 99.400000   
-0.679715 	 -1.044640 	 0.364925 	 99.450000   
-0.679735 	 -1.054784 	 0.375049 	 99.500000   
-0.679758 	 -1.066151 	 0.386393 	 99.550000   
-0.679783 	 -1.078813 	 0.399030 	 99.600000   
-0.679810 	 -1.092850 	 0.413041 	 99.650000   
-0.679839 	 -1.108356 	 0.428517 	 99.700000   
-0.679871 	 -1.125433 	 0.445562 	 99.750000   
-0.679907 	 -1.144200 	 0.464293 	 99.800000   
-0.679945 	 -1.164785 	 0.484840 	 99.850000   
-0.679988 	 -1.187335 	 0.507347 	 99.900000   
-0.680035 	 -1.212010 	 0.531975 	 99.950000   
-0.680087 	 -1.238987 	 0.558901 	 100.000000   
